sequence_index,iteration,nf,incumbent_index,incumbent_full_objective,mean_gate_entanglement_infidelity_to_truth,mean_gate_average_infidelity_to_truth,mean_spam_vector_l2_error_to_truth,mean_spam_tracedist_to_truth,mean_gate_eigenvalue_nonunitarity_excess_to_truth,mean_gate_eigenvalue_diamondnorm_to_truth,mean_gate_eigenvalue_nonunitary_diamondnorm_to_truth,mean_gate_diamond_distance_to_truth
0,0,0,0,3544.730271433501,0.00227342297002206,0.00151561531334804,0.00697710335423951,0.004937894532976495,-0.003850330725303469,0.008134373632380773,0.004513942584111835,0.015113464757287046
1,1,1,1,1296.544762535108,0.004876711489190028,0.0032511409927933515,0.013219348153042987,0.011329948989395367,0.009307720555256332,0.0143005159018571,0.011764334823657359,0.02868557333831518
2,2,2,1,1296.544762535108,0.004876711489190028,0.0032511409927933515,0.013219348153042987,0.011329948989395367,0.009307720555256332,0.0143005159018571,0.011764334823657359,0.02868557333831518
3,3,3,1,1296.544762535108,0.004876711489190028,0.0032511409927933515,0.013219348153042987,0.011329948989395367,0.009307720555256332,0.0143005159018571,0.011764334823657359,0.02868557333831518
4,4,4,4,1256.8172316495984,0.00574199740909076,0.0038279982727271733,0.013904876724588885,0.009997611386630315,0.010034703437744104,0.013247763298405954,0.012644231413973209,0.025765513685147387
5,5,5,4,1256.8172316495984,0.00574199740909076,0.0038279982727271733,0.013904876724588885,0.009997611386630315,0.010034703437744104,0.013247763298405954,0.012644231413973209,0.025765513685147387
6,6,6,6,1482.170299048806,0.0020308447102496407,0.0013538964734997605,0.014046337493285002,0.009138359335979415,0.00498578820709613,0.010073236927226815,0.005416751363241101,0.020857424908096434
7,7,7,6,1482.170299048806,0.0020308447102496407,0.0013538964734997605,0.014046337493285002,0.009138359335979415,0.00498578820709613,0.010073236927226815,0.005416751363241101,0.020857424908096434
8,8,8,6,1482.170299048806,0.0020308447102496407,0.0013538964734997605,0.014046337493285002,0.009138359335979415,0.00498578820709613,0.010073236927226815,0.005416751363241101,0.020857424908096434
9,9,9,9,1160.984179472613,0.0013384343915049113,0.0008922895943366075,0.015963533760572846,0.011404318576828379,0.002002073074621663,0.00420360365592874,0.003050435515607554,0.008686360228291945
10,10,10,9,1160.984179472613,0.0013384343915049113,0.0008922895943366075,0.015963533760572846,0.011404318576828379,0.002002073074621663,0.00420360365592874,0.003050435515607554,0.008686360228291945
11,11,11,11,1285.4584531287842,0.0009260732653665615,0.000617382176911041,0.017109573585756654,0.013732311419764887,0.0025895752241346243,0.0034241339904106005,0.0031766600469825892,0.006916669131219497
12,12,12,11,1285.4584531287842,0.0009260732653665615,0.000617382176911041,0.017109573585756654,0.013732311419764887,0.0025895752241346243,0.0034241339904106005,0.0031766600469825892,0.006916669131219497
13,13,13,13,1241.9797501111866,0.0009272362940399292,0.0006181575293599528,0.015388871736651905,0.012252973512370003,0.001982443270486141,0.002709689274637937,0.0026000201759385708,0.0065764514214321015
14,14,14,13,1241.9797501111866,0.0009272362940399292,0.0006181575293599528,0.015388871736651905,0.012252973512370003,0.001982443270486141,0.002709689274637937,0.0026000201759385708,0.0065764514214321015
15,15,15,13,1241.9797501111866,0.0009272362940399292,0.0006181575293599528,0.015388871736651905,0.012252973512370003,0.001982443270486141,0.002709689274637937,0.0026000201759385708,0.0065764514214321015
16,16,16,16,1040.00181915334,0.0002637591931015093,0.0001758394620676729,0.011722139588097293,0.009472873226590343,0.0003060902848136815,0.0009501254181845929,0.000877596155489678,0.003064455084561845
17,17,17,16,1040.00181915334,0.0002637591931015093,0.0001758394620676729,0.011722139588097293,0.009472873226590343,0.0003060902848136815,0.0009501254181845929,0.000877596155489678,0.003064455084561845
18,18,18,16,1040.00181915334,0.0002637591931015093,0.0001758394620676729,0.011722139588097293,0.009472873226590343,0.0003060902848136815,0.0009501254181845929,0.000877596155489678,0.003064455084561845
19,19,19,19,1001.554156510037,0.00014844858270549044,9.89657218036603e-05,0.011334584915203713,0.008593783838523059,1.2152131596852855e-05,0.00048570780695736247,0.000375108142821344,0.0021433434819875165
20,20,20,19,1001.554156510037,0.00014844858270549044,9.89657218036603e-05,0.011334584915203713,0.008593783838523059,1.2152131596852855e-05,0.00048570780695736247,0.000375108142821344,0.0021433434819875165
21,21,21,21,1003.5542328676231,0.00010114345008188641,6.74289667212576e-05,0.013043778639558946,0.010215700747094708,-2.515002327144883e-05,0.0005521630454887364,0.0004445107560011874,0.0019325425282889406
22,22,22,21,1003.5542328676231,0.00010114345008188641,6.74289667212576e-05,0.013043778639558946,0.010215700747094708,-2.515002327144883e-05,0.0005521630454887364,0.0004445107560011874,0.0019325425282889406
23,23,23,23,996.3258959142354,0.0001041303164793228,6.94202109862152e-05,0.012975531550149766,0.010302509139083513,-7.020719130917258e-05,0.0005249835845704723,0.0003876040150569207,0.0020005391481755443
24,24,24,23,996.3258959142354,0.0001041303164793228,6.94202109862152e-05,0.012975531550149766,0.010302509139083513,-7.020719130917258e-05,0.0005249835845704723,0.0003876040150569207,0.0020005391481755443
25,25,25,23,996.3258959142354,0.0001041303164793228,6.94202109862152e-05,0.012975531550149766,0.010302509139083513,-7.020719130917258e-05,0.0005249835845704723,0.0003876040150569207,0.0020005391481755443
26,26,26,26,984.0835667600238,9.586240152348324e-05,6.390826768232216e-05,0.012075581157738843,0.008925498987413844,-0.0001369650254327351,0.0004315204863660528,0.00036172767496917696,0.0016561574360178751
27,27,27,26,984.0835667600238,9.586240152348324e-05,6.390826768232216e-05,0.012075581157738843,0.008925498987413844,-0.0001369650254327351,0.0004315204863660528,0.00036172767496917696,0.0016561574360178751
28,28,28,26,984.0835667600238,9.586240152348324e-05,6.390826768232216e-05,0.012075581157738843,0.008925498987413844,-0.0001369650254327351,0.0004315204863660528,0.00036172767496917696,0.0016561574360178751
29,29,29,29,983.0756332606213,9.105695876451825e-05,6.07046391763455e-05,0.011930489986704993,0.008933156739272474,-0.00016510312145995298,0.00044640748764639447,0.00036475363389885246,0.0016321695165335294
30,30,30,29,983.0756332606213,9.105695876451825e-05,6.07046391763455e-05,0.011930489986704993,0.008933156739272474,-0.00016510312145995298,0.00044640748764639447,0.00036475363389885246,0.0016321695165335294
31,31,31,31,980.4740584525848,8.06177754624493e-05,5.374518364163287e-05,0.008493073465578468,0.006860416894115292,-9.117838863979821e-05,0.00043180000731430116,0.0002285970403399784,0.001554017581308314
32,32,32,31,980.4740584525848,8.06177754624493e-05,5.374518364163287e-05,0.008493073465578468,0.006860416894115292,-9.117838863979821e-05,0.00043180000731430116,0.0002285970403399784,0.001554017581308314
33,33,33,33,980.2490000138647,8.291119057135532e-05,5.527412704757021e-05,0.008375615808421938,0.006879639550592341,-6.280010162348221e-05,0.0004487698031345921,0.00025993179594286514,0.0015593592510228021
34,34,34,33,980.2490000138647,8.291119057135532e-05,5.527412704757021e-05,0.008375615808421938,0.006879639550592341,-6.280010162348221e-05,0.0004487698031345921,0.00025993179594286514,0.0015593592510228021
35,35,35,33,980.2490000138647,8.291119057135532e-05,5.527412704757021e-05,0.008375615808421938,0.006879639550592341,-6.280010162348221e-05,0.0004487698031345921,0.00025993179594286514,0.0015593592510228021
36,36,36,36,977.6196395041704,7.373269310814723e-05,4.915512873876482e-05,0.008608304890945552,0.007114849418352413,-8.850618364403956e-05,0.0004961841095377211,0.00020155170217146107,0.00143705360517064
37,37,37,37,977.2235870026996,7.738218951178211e-05,5.158812634118807e-05,0.00969158205178104,0.007720298138916991,-7.437819348610902e-05,0.0004939009934835203,0.00019386331964916376,0.0014682888435090273
38,38,38,37,977.2235870026996,7.738218951178211e-05,5.158812634118807e-05,0.00969158205178104,0.007720298138916991,-7.437819348610902e-05,0.0004939009934835203,0.00019386331964916376,0.0014682888435090273
39,39,39,39,976.9141542626934,8.398481647517442e-05,5.5989877650116274e-05,0.008946628362872298,0.007160520336707922,-8.037312380346218e-05,0.0004849162823791198,0.00018904913574768062,0.001516656671037903
40,40,40,39,976.9141542626934,8.398481647517442e-05,5.5989877650116274e-05,0.008946628362872298,0.007160520336707922,-8.037312380346218e-05,0.0004849162823791198,0.00018904913574768062,0.001516656671037903
41,41,41,41,978.5628879649305,0.00010206655042133139,6.804436694755427e-05,0.009931367216695302,0.008063178075386906,-0.00011722617631308718,0.0004807586240903412,0.00022787963584327414,0.0015448951657944065
42,42,42,41,978.5628879649305,0.00010206655042133139,6.804436694755427e-05,0.009931367216695302,0.008063178075386906,-0.00011722617631308718,0.0004807586240903412,0.00022787963584327414,0.0015448951657944065
43,43,43,41,978.5628879649305,0.00010206655042133139,6.804436694755427e-05,0.009931367216695302,0.008063178075386906,-0.00011722617631308718,0.0004807586240903412,0.00022787963584327414,0.0015448951657944065
44,44,44,44,978.2586689421853,0.00011177555306168818,7.451703537445879e-05,0.009861886570841584,0.008027999985497199,-0.00012648783930187257,0.0004847434996422112,0.00023438162951874147,0.0015945917468412776
45,45,45,44,978.2586689421853,0.00011177555306168818,7.451703537445879e-05,0.009861886570841584,0.008027999985497199,-0.00012648783930187257,0.0004847434996422112,0.00023438162951874147,0.0015945917468412776
46,46,46,46,975.3789158459713,0.00012072599586157584,8.048399724105057e-05,0.009262478652107126,0.007957478842217574,-0.00012662680962381018,0.0005255807534796868,0.0002365583628801543,0.0017067043413481016
47,47,47,47,975.3761576412336,0.00014183985190288628,9.455990126859085e-05,0.00924838277082955,0.008183978065707743,-0.00011461434975274659,0.0005224366335138356,0.0002227216669607457,0.0017488685018700277
48,48,48,48,975.1778778744097,0.00014940648343061969,9.96043222870798e-05,0.009272548399288082,0.008206981257498022,-0.00012042740992702916,0.0005274441631177294,0.00022488254528139906,0.0017802603327140708
49,49,49,48,975.1778778744097,0.00014940648343061969,9.96043222870798e-05,0.009272548399288082,0.008206981257498022,-0.00012042740992702916,0.0005274441631177294,0.00022488254528139906,0.0017802603327140708
50,50,50,48,975.1778778744097,0.00014940648343061969,9.96043222870798e-05,0.009272548399288082,0.008206981257498022,-0.00012042740992702916,0.0005274441631177294,0.00022488254528139906,0.0017802603327140708
51,51,51,51,972.72891186529,0.00015003938298716046,0.00010002625532477363,0.009033020351235968,0.007887837192425706,-0.00011397996170461194,0.00048271296567536427,0.00021502513734197176,0.0016900752518722636
52,52,52,52,972.5154052092121,0.00016896929519980008,0.0001126461967998667,0.009034437780269914,0.00762090294346021,-0.00010452585429326228,0.0004709810895925169,0.00021016734890132172,0.00168807028035233
53,53,53,52,972.5154052092121,0.00016896929519980008,0.0001126461967998667,0.009034437780269914,0.00762090294346021,-0.00010452585429326228,0.0004709810895925169,0.00021016734890132172,0.00168807028035233
54,54,54,54,972.4304683410776,0.00017287897142204134,0.00011525264761469423,0.009147283886988962,0.007690526192889612,-0.00010202287791757914,0.00046894110368287425,0.00020684906756675975,0.0016907507430878558
55,55,55,54,972.4304683410776,0.00017287897142204134,0.00011525264761469423,0.009147283886988962,0.007690526192889612,-0.00010202287791757914,0.00046894110368287425,0.00020684906756675975,0.0016907507430878558
56,56,56,56,972.513619117835,0.00019318854199931734,0.00012879236133287822,0.007877072387631596,0.00667616734776021,-9.36418396490224e-05,0.00032187138428745445,0.00020116315641222765,0.0015825449527329084
57,57,57,56,972.513619117835,0.00019318854199931734,0.00012879236133287822,0.007877072387631596,0.00667616734776021,-9.36418396490224e-05,0.00032187138428745445,0.00020116315641222765,0.0015825449527329084
58,58,58,58,972.3165342999728,0.00021571253363963927,0.0001438083557597595,0.007902905275828638,0.006696697709889861,-8.248210394725536e-05,0.000306862425660536,0.0001815428426931373,0.0016424828491542844
59,59,59,58,972.3165342999728,0.00021571253363963927,0.0001438083557597595,0.007902905275828638,0.006696697709889861,-8.248210394725536e-05,0.000306862425660536,0.0001815428426931373,0.0016424828491542844
60,60,60,60,972.2811966526997,0.00023863258176298752,0.0001590883878419917,0.007934733491626775,0.006718602952653911,-7.890858863263822e-05,0.00030663775544844063,0.00017690794389302322,0.0016880622908253301
61,61,61,61,971.2523802915701,0.00027911523099069524,0.0001860768206604635,0.00796275160113766,0.006879061271661338,-4.3141343216542005e-05,0.00027573839865432037,0.00011140366195434848,0.001847244407588101
62,62,62,61,971.2523802915701,0.00027911523099069524,0.0001860768206604635,0.00796275160113766,0.006879061271661338,-4.3141343216542005e-05,0.00027573839865432037,0.00011140366195434848,0.001847244407588101
63,63,63,63,971.0838746901993,0.0002798067646486435,0.00018653784309909566,0.00799013018578036,0.00688800797367861,-3.824399582998128e-05,0.0002744517453417378,0.00011009051343752879,0.0018441723416895003
64,64,64,63,971.0838746901993,0.0002798067646486435,0.00018653784309909566,0.00799013018578036,0.00688800797367861,-3.824399582998128e-05,0.0002744517453417378,0.00011009051343752879,0.0018441723416895003
65,65,65,63,971.0838746901993,0.0002798067646486435,0.00018653784309909566,0.00799013018578036,0.00688800797367861,-3.824399582998128e-05,0.0002744517453417378,0.00011009051343752879,0.0018441723416895003
66,66,66,66,970.8332833691939,0.0002820942550433303,0.00018806283669555354,0.007929541833666169,0.006851446427309179,-4.226771073274904e-05,0.0002752072922238244,0.00010789390607525429,0.0018442616210561326
67,67,67,66,970.8332833691939,0.0002820942550433303,0.00018806283669555354,0.007929541833666169,0.006851446427309179,-4.226771073274904e-05,0.0002752072922238244,0.00010789390607525429,0.0018442616210561326
68,68,68,68,970.8215193445947,0.00028121238656786396,0.000187474924378576,0.00794001077471758,0.006859430793601121,-4.0571789134989655e-05,0.00027555291808371895,0.00010830033783708337,0.001841474337832519
69,69,69,68,970.8215193445947,0.00028121238656786396,0.000187474924378576,0.00794001077471758,0.006859430793601121,-4.0571789134989655e-05,0.00027555291808371895,0.00010830033783708337,0.001841474337832519
70,70,70,70,970.811227726361,0.00028408911065042064,0.00018939274043361376,0.007909125603328826,0.006838274192607815,-4.078754331009876e-05,0.0002744228271095527,0.00010685844010676487,0.0018408489962884835
71,71,71,70,970.811227726361,0.00028408911065042064,0.00018939274043361376,0.007909125603328826,0.006838274192607815,-4.078754331009876e-05,0.0002744228271095527,0.00010685844010676487,0.0018408489962884835
72,72,72,72,970.8095960324177,0.00028647561638761587,0.00019098374425841058,0.007916799854667913,0.006844611851961975,-3.9141595455857714e-05,0.00027538825820512465,0.000107929803348783,0.001842139906721347
73,73,73,73,970.7775897403801,0.00028870902264821474,0.0001924726817654765,0.007887801333807612,0.00682676197587787,-4.0874225537473885e-05,0.0002748602153675975,0.00010665493049533126,0.0018419977463700467
74,74,74,73,970.7775897403801,0.00028870902264821474,0.0001924726817654765,0.007887801333807612,0.00682676197587787,-4.0874225537473885e-05,0.0002748602153675975,0.00010665493049533126,0.0018419977463700467
75,75,75,75,970.7708379351373,0.0002900318994836226,0.00019335459965574842,0.00789402903092823,0.006829539422784638,-3.993393632408665e-05,0.0002753649708551903,0.00010749345087687767,0.0018423623347695788
76,76,76,75,970.7708379351373,0.0002900318994836226,0.00019335459965574842,0.00789402903092823,0.006829539422784638,-3.993393632408665e-05,0.0002753649708551903,0.00010749345087687767,0.0018423623347695788
77,77,77,77,970.7692670775148,0.00029224406081207466,0.00019482937387471644,0.007876763246002581,0.006819687307237282,-3.972337958262767e-05,0.0002745892852456586,0.00010602781377967024,0.0018421268998338454
78,78,78,77,970.7692670775148,0.00029224406081207466,0.00019482937387471644,0.007876763246002581,0.006819687307237282,-3.972337958262767e-05,0.0002745892852456586,0.00010602781377967024,0.0018421268998338454
79,79,79,79,970.7673435721906,0.00029287821871226694,0.00019525214580817796,0.0078827149248208,0.006823362837894859,-3.89002472198155e-05,0.0002751411650466851,0.0001068942172837567,0.0018424430945216627
80,80,80,79,970.7673435721906,0.00029287821871226694,0.00019525214580817796,0.0078827149248208,0.006823362837894859,-3.89002472198155e-05,0.0002751411650466851,0.0001068942172837567,0.0018424430945216627
81,81,81,81,970.7671505504729,0.0002917954610032747,0.00019453030733551646,0.007868611691332112,0.006814602719896966,-3.935205865022995e-05,0.00027445197484646033,0.00010591264397697558,0.0018403821007613812
82,82,82,82,970.7642234709838,0.0002907469578057875,0.00019383130520385836,0.00787306330259436,0.00681596236880116,-3.939665609388465e-05,0.000275070916531618,0.0001068752217361843,0.0018397948065187301
83,83,83,82,970.7642234709838,0.0002907469578057875,0.00019383130520385836,0.00787306330259436,0.00681596236880116,-3.939665609388465e-05,0.000275070916531618,0.0001068752217361843,0.0018397948065187301
84,84,84,84,970.7642208795174,0.0002902476886898486,0.00019349845912656577,0.007864375461181745,0.006811094465156685,-3.970287713786491e-05,0.0002746604168856037,0.00010623306275621414,0.0018389029471411258
85,85,85,85,970.7632526667776,0.00028958880271950926,0.00019305920181300618,0.007867634644444935,0.006812340543579331,-3.9618098785235145e-05,0.0002749338730295987,0.00010667105245776298,0.0018384291482106243
86,86,86,85,970.7632526667776,0.00028958880271950926,0.00019305920181300618,0.007867634644444935,0.006812340543579331,-3.9618098785235145e-05,0.0002749338730295987,0.00010667105245776298,0.0018384291482106243
87,87,87,87,970.7630773620522,0.00028936616358676837,0.00019291077572451226,0.007864799013130613,0.006811028025853147,-3.970366662217617e-05,0.00027483802840100216,0.00010651348896640461,0.001838257598731511
88,88,88,87,970.7630773620522,0.00028936616358676837,0.00019291077572451226,0.007864799013130613,0.006811028025853147,-3.970366662217617e-05,0.00027483802840100216,0.00010651348896640461,0.001838257598731511
89,89,89,89,970.7629355001912,0.00028887057072382594,0.00019258038048255063,0.007866425804248301,0.006811883796636263,-3.961212959609217e-05,0.0002749506323372405,0.00010670826826049418,0.0018379951406235296
90,90,90,89,970.7629355001912,0.00028887057072382594,0.00019258038048255063,0.007866425804248301,0.006811883796636263,-3.961212959609217e-05,0.0002749506323372405,0.00010670826826049418,0.0018379951406235296
91,91,91,91,970.7627859322636,0.00028840627216197845,0.00019227084810798564,0.007863959049085927,0.006810533019048401,-3.9667192468811896e-05,0.0002748119478668775,0.00010649978213966849,0.0018374874933955012
92,92,92,91,970.7627859322636,0.00028840627216197845,0.00019227084810798564,0.007863959049085927,0.006810533019048401,-3.9667192468811896e-05,0.0002748119478668775,0.00010649978213966849,0.0018374874933955012
93,93,93,93,970.7626577637026,0.0002877861421486383,0.0001918574280990922,0.007865902474766234,0.006811559978678652,-3.956236546192454e-05,0.00027491930243575807,0.00010669400909697757,0.0018372077492733218
94,94,94,93,970.7626577637026,0.0002877861421486383,0.0001918574280990922,0.007865902474766234,0.006811559978678652,-3.956236546192454e-05,0.00027491930243575807,0.00010669400909697757,0.0018372077492733218
95,95,95,95,970.7625205479717,0.00028731330217918183,0.00019154220145278789,0.007863372485417202,0.006810095618669324,-3.96230134168743e-05,0.00027477314340574894,0.00010646711240435563,0.0018367041736415202
96,96,96,95,970.7625205479717,0.00028731330217918183,0.00019154220145278789,0.007863372485417202,0.006810095618669324,-3.96230134168743e-05,0.00027477314340574894,0.00010646711240435563,0.0018367041736415202
97,97,97,97,970.7624060189106,0.00028669300420838817,0.00019112866947225876,0.007865734888507576,0.006811464372738007,-3.950736109070013e-05,0.0002748865821833493,0.00010667274265738907,0.0018364449285106753
98,98,98,97,970.7624060189106,0.00028669300420838817,0.00019112866947225876,0.007865734888507576,0.006811464372738007,-3.950736109070013e-05,0.0002748865821833493,0.00010667274265738907,0.0018364449285106753
99,99,99,99,970.7622819530106,0.0002862268034432014,0.00019081786896213426,0.007863071089164042,0.006809912670500565,-3.9573100645270975e-05,0.0002747298684528702,0.00010643298891821473,0.0018359276446123765
100,100,100,99,970.7622819530106,0.0002862268034432014,0.00019081786896213426,0.007863071089164042,0.006809912670500565,-3.9573100645270975e-05,0.0002747298684528702,0.00010643298891821473,0.0018359276446123765
101,101,101,101,970.7621814681386,0.0002856079924877797,0.00019040532832518647,0.007865274490479128,0.0068111262053252505,-3.945071868374783e-05,0.0002748515489827597,0.00010665153339770722,0.0018356640574585022
102,102,102,101,970.7621814681386,0.0002856079924877797,0.00019040532832518647,0.007865274490479128,0.0068111262053252505,-3.945071868374783e-05,0.0002748515489827597,0.00010665153339770722,0.0018356640574585022
103,103,103,103,970.7620709103128,0.00028515407989601615,0.00019010271993067743,0.00786274524208393,0.006809709323599035,-3.951895746837075e-05,0.0002746894903410121,0.00010639557385735271,0.001835141621683804
104,104,104,103,970.7620709103128,0.00028515407989601615,0.00019010271993067743,0.00786274524208393,0.006809709323599035,-3.951895746837075e-05,0.0002746894903410121,0.00010639557385735271,0.001835141621683804
105,105,105,105,970.761985221912,0.00028453122811994414,0.00018968748541329608,0.007864980360740214,0.0068109208411087675,-3.939012258592084e-05,0.0002748179261448662,0.00010662662879680485,0.001834887354855789
106,106,106,105,970.761985221912,0.00028453122811994414,0.00018968748541329608,0.007864980360740214,0.0068109208411087675,-3.939012258592084e-05,0.0002748179261448662,0.00010662662879680485,0.001834887354855789
107,107,107,107,970.7618887833319,0.00028408721059244857,0.00018939147372829906,0.007862281791199317,0.006809394555821784,-3.946236079770821e-05,0.00027464443576511875,0.00010635591135998296,0.0018343433055514084
108,108,108,107,970.7618887833319,0.00028408721059244857,0.00018939147372829906,0.007862281791199317,0.006809394555821784,-3.946236079770821e-05,0.00027464443576511875,0.00010635591135998296,0.0018343433055514084
109,109,109,109,970.7618189873675,0.00028347704085054937,0.00018898469390036624,0.00786476672218261,0.0068107723448165985,-3.932775573569497e-05,0.00027478248339001996,0.0001066020966016129,0.001834106985588506
110,110,110,109,970.7618189873675,0.00028347704085054937,0.00018898469390036624,0.00786476672218261,0.0068107723448165985,-3.932775573569497e-05,0.00027478248339001996,0.0001066020966016129,0.001834106985588506
111,111,111,111,970.7617368181302,0.0002830420997118055,0.00018869473314120366,0.007861944192536566,0.006809165981066605,-3.9405629492304806e-05,0.00027459997693585555,0.00010631517779704364,0.0018335618604041336
112,112,112,111,970.7617368181302,0.0002830420997118055,0.00018869473314120366,0.007861944192536566,0.006809165981066605,-3.9405629492304806e-05,0.00027459997693585555,0.00010631517779704364,0.0018335618604041336
113,113,113,113,970.7616826314701,0.00028243492404775306,0.00018828994936516869,0.007864532900122472,0.006810593424461545,-3.925892717311641e-05,0.00027474284120252584,0.00010657079876685155,0.0018333201748938406
114,114,114,113,970.7616826314701,0.00028243492404775306,0.00018828994936516869,0.007864532900122472,0.006810593424461545,-3.925892717311641e-05,0.00027474284120252584,0.00010657079876685155,0.0018333201748938406
115,115,115,115,970.7616160574014,0.0002820097253644904,0.00018800648357632693,0.007861627021654312,0.006808941189776839,-3.9347415053410384e-05,0.0002745532824700413,0.0001062739151904829,0.0018327579017033643
116,116,116,115,970.7616160574014,0.0002820097253644904,0.00018800648357632693,0.007861627021654312,0.006808941189776839,-3.9347415053410384e-05,0.0002745532824700413,0.0001062739151904829,0.0018327579017033643
117,117,117,117,970.7615791946581,0.0002814074186040516,0.00018760494573603442,0.00786430735786938,0.006810432387292181,-3.919729565108471e-05,0.0002747075413930016,0.00010654641293277034,0.0018325462561029871
118,118,118,117,970.7615791946581,0.0002814074186040516,0.00018760494573603442,0.00786430735786938,0.006810432387292181,-3.919729565108471e-05,0.0002747075413930016,0.00010654641293277034,0.0018325462561029871
119,119,119,119,970.761526875538,0.00028100158789534646,0.00018733439193023096,0.007861106625277052,0.0068086007000377645,-3.928177535215266e-05,0.0002745048986230497,0.00010622734061241368,0.0018319798955541869
120,120,120,119,970.761526875538,0.00028100158789534646,0.00018733439193023096,0.007861106625277052,0.0068086007000377645,-3.928177535215266e-05,0.0002745048986230497,0.00010622734061241368,0.0018319798955541869
121,121,121,121,970.7615073929534,0.00028040651556746066,0.00018693767704497377,0.007864083674950043,0.006810273252420798,-3.9125422156303935e-05,0.0002746667769142385,0.00010651343663561907,0.0018317836406956697
122,122,122,121,970.7615073929534,0.00028040651556746066,0.00018693767704497377,0.007864083674950043,0.006810273252420798,-3.9125422156303935e-05,0.0002746667769142385,0.00010651343663561907,0.0018317836406956697
123,123,123,123,970.7614697649478,0.0002800258904671338,0.00018668392697808917,0.007860759591831313,0.0068083741609758965,-3.9218030794228864e-05,0.00027446321735804467,0.00010618066538822801,0.0018312288557656617
124,124,124,123,970.7614697649478,0.0002800258904671338,0.00018668392697808917,0.007860759591831313,0.0068083741609758965,-3.9218030794228864e-05,0.00027446321735804467,0.00010618066538822801,0.0018312288557656617
125,125,125,123,970.7614697649478,0.0002800258904671338,0.00018668392697808917,0.007860759591831313,0.0068083741609758965,-3.9218030794228864e-05,0.00027446321735804467,0.00010618066538822801,0.0018312288557656617
126,126,126,126,970.7613556302263,0.00027963509313622126,0.00018642339542414751,0.007863137503724305,0.006809524212451374,-3.9135522358062225e-05,0.0002745698549245457,0.00010637519760666597,0.0018310311095098666
127,127,127,126,970.7613556302263,0.00027963509313622126,0.00018642339542414751,0.007863137503724305,0.006809524212451374,-3.9135522358062225e-05,0.0002745698549245457,0.00010637519760666597,0.0018310311095098666
128,128,128,128,970.7613554493942,0.00027948628252738583,0.00018632418835159056,0.007861311283875612,0.006808576828086744,-3.917458026118231e-05,0.00027449908579242063,0.00010626411826148568,0.0018308792033546926
129,129,129,129,970.7613290920683,0.0002793134504686934,0.00018620896697912892,0.007862474812846437,0.0068092008086408085,-3.912694031815017e-05,0.0002745561417283247,0.00010635950685222023,0.0018308046930606554
130,130,130,129,970.7613290920683,0.0002793134504686934,0.00018620896697912892,0.007862474812846437,0.0068092008086408085,-3.912694031815017e-05,0.0002745561417283247,0.00010635950685222023,0.0018308046930606554
131,131,131,129,970.7613290920683,0.0002793134504686934,0.00018620896697912892,0.007862474812846437,0.0068092008086408085,-3.912694031815017e-05,0.0002745561417283247,0.00010635950685222023,0.0018308046930606554
132,132,132,132,970.7613215624706,0.00027928982313304984,0.0001861932154220332,0.007861802532883093,0.0068088891682533455,-3.9146444944293535e-05,0.00027452520114421757,0.00010630706335186535,0.0018307723012155742
133,133,133,132,970.7613215624706,0.00027928982313304984,0.0001861932154220332,0.007861802532883093,0.0068088891682533455,-3.9146444944293535e-05,0.00027452520114421757,0.00010630706335186535,0.0018307723012155742
134,134,134,134,970.7613192326262,0.0002792115110215876,0.00018614100734772504,0.007862096190803932,0.0068090139806747385,-3.9131475636604296e-05,0.0002745351683598168,0.00010632616234025616,0.0018307107204669007
135,135,135,134,970.7613192326262,0.0002792115110215876,0.00018614100734772504,0.007862096190803932,0.0068090139806747385,-3.9131475636604296e-05,0.0002745351683598168,0.00010632616234025616,0.0018307107204669007
136,136,136,136,970.761318585392,0.0002791554592384282,0.00018610363949228548,0.00786180485462972,0.006808845298703918,-3.9137916120875194e-05,0.00027451692043353824,0.00010629832156567459,0.0018306442243436608
137,137,137,136,970.761318585392,0.0002791554592384282,0.00018610363949228548,0.00786180485462972,0.006808845298703918,-3.9137916120875194e-05,0.00027451692043353824,0.00010629832156567459,0.0018306442243436608
138,138,138,138,970.761316634047,0.0002790878783467954,0.00018605858556453025,0.007862073424502394,0.006808998239665396,-3.912259535278351e-05,0.00027452961237041623,0.00010632134717983993,0.001830613155864342
139,139,139,138,970.761316634047,0.0002790878783467954,0.00018605858556453025,0.007862073424502394,0.006808998239665396,-3.912259535278351e-05,0.00027452961237041623,0.00010632134717983993,0.001830613155864342
140,140,140,140,970.7613162535802,0.00027903954082358906,0.00018602636054905936,0.007861747433075968,0.006808801502209733,-3.912949759466572e-05,0.00027451092532279327,0.00010629246477229098,0.0018305507072016358
141,141,141,140,970.7613162535802,0.00027903954082358906,0.00018602636054905936,0.007861747433075968,0.006808801502209733,-3.912949759466572e-05,0.00027451092532279327,0.00010629246477229098,0.0018305507072016358
142,142,142,142,970.7613145363414,0.00027897383474617676,0.00018598255649745116,0.007862045995152996,0.0068089762374461335,-3.911338083134597e-05,0.00027452478156050956,0.0001063168796259506,0.0018305224579651053
143,143,143,142,970.7613145363414,0.00027897383474617676,0.00018598255649745116,0.007862045995152996,0.0068089762374461335,-3.911338083134597e-05,0.00027452478156050956,0.0001063168796259506,0.0018305224579651053
144,144,144,144,970.7613143767603,0.0002789273015451621,0.0001859515343634414,0.007861695020985207,0.006808756351769608,-3.912125971901326e-05,0.00027450472645289975,0.00010628648776592198,0.0018304586624106403
145,145,145,145,970.7613121568568,0.00027888818639296153,0.0001859254575953077,0.00786192935908372,0.006808892053824398,-3.9109165102746424e-05,0.0002745187951912759,0.00010631041165945487,0.0018304472004284891
146,146,146,145,970.7613121568568,0.00027888818639296153,0.0001859254575953077,0.00786192935908372,0.006808892053824398,-3.9109165102746424e-05,0.0002745187951912759,0.00010631041165945487,0.0018304472004284891
147,147,147,145,970.7613121568568,0.00027888818639296153,0.0001859254575953077,0.00786192935908372,0.006808892053824398,-3.9109165102746424e-05,0.0002745187951912759,0.00010631041165945487,0.0018304472004284891
148,148,148,148,970.7613117991866,0.000278883863096685,0.00018592257539779,0.007861818751313324,0.006808845709555458,-3.911381552065135e-05,0.00027451049061849245,0.00010629708260205539,0.0018304388121802358
149,149,149,149,970.7613117775345,0.0002788524234424994,0.0001859016156283329,0.007861879671514322,0.006808871808673149,-3.910957641244106e-05,0.0002745122782295549,0.00010630061214361025,0.0018304136979915258
150,150,150,150,970.7613111001327,0.0002788404626086205,0.00018589364173908035,0.00786181069995402,0.006808830554432661,-3.911106478611537e-05,0.00027450808133019553,0.00010629458039338596,0.001830398904569116
151,151,151,150,970.7613111001327,0.0002788404626086205,0.00018589364173908035,0.00786181069995402,0.006808830554432661,-3.911106478611537e-05,0.00027450808133019553,0.00010629458039338596,0.001830398904569116
152,152,152,152,970.7613110499452,0.00027882629755618393,0.0001858841983707893,0.007861811817812083,0.006808825450724077,-3.91077996862374e-05,0.00027451117812649165,0.00010629968612651391,0.0018303932574328802
153,153,153,152,970.7613110499452,0.00027882629755618393,0.0001858841983707893,0.007861811817812083,0.006808825450724077,-3.91077996862374e-05,0.00027451117812649165,0.00010629968612651391,0.0018303932574328802
154,154,154,154,970.7613107539912,0.0002788145885994908,0.00018587639239966053,0.007861793251047572,0.006808818879612667,-3.9109143330183505e-05,0.0002745070180798247,0.00010629326590674143,0.0018303776824237104
155,155,155,154,970.7613107539912,0.0002788145885994908,0.00018587639239966053,0.007861793251047572,0.006808818879612667,-3.9109143330183505e-05,0.0002745070180798247,0.00010629326590674143,0.0018303776824237104
156,156,156,156,970.7613107143352,0.0002787995462408266,0.00018586636416055105,0.007861863627267658,0.006808859699887511,-3.910583371988935e-05,0.00027450975834651984,0.00010629871358521642,0.0018303713068692773
157,157,157,156,970.7613107143352,0.0002787995462408266,0.00018586636416055105,0.007861863627267658,0.006808859699887511,-3.910583371988935e-05,0.00027450975834651984,0.00010629871358521642,0.0018303713068692773
158,158,158,158,970.7613104301308,0.00027878905233105766,0.00018585936822070512,0.00786180472004572,0.0068088281620672635,-3.910743352276286e-05,0.00027450561481856073,0.00010629206658141488,0.0018303585038270506
159,159,159,158,970.7613104301308,0.00027878905233105766,0.00018585936822070512,0.00786180472004572,0.0068088281620672635,-3.910743352276286e-05,0.00027450561481856073,0.00010629206658141488,0.0018303585038270506
160,160,160,160,970.7613104029023,0.00027877423816760616,0.00018584949211173746,0.007861855895034667,0.006808858837918704,-3.9103795511225004e-05,0.0002745088006552926,0.00010629760626562623,0.0018303520578100369
161,161,161,160,970.7613104029023,0.00027877423816760616,0.00018584949211173746,0.007861855895034667,0.006808858837918704,-3.9103795511225004e-05,0.0002745088006552926,0.00010629760626562623,0.0018303520578100369
162,162,162,162,970.7613101320553,0.00027876396155965266,0.00018584264103976844,0.00786175790455149,0.006808797029687702,-3.9105630589397755e-05,0.00027450417408687514,0.00010629050286394687,0.0018303384390574388
163,163,163,162,970.7613101320553,0.00027876396155965266,0.00018584264103976844,0.00786175790455149,0.006808797029687702,-3.9105630589397755e-05,0.00027450417408687514,0.00010629050286394687,0.0018303384390574388
164,164,164,164,970.7613101178587,0.00027875003444752244,0.0001858333562983483,0.007861832418944444,0.006808839601464045,-3.91020890841004e-05,0.00027450750722541207,0.00010629677386701786,0.0018303333326983003
165,165,165,165,970.761309903999,0.00027874559529594833,0.00018583039686396555,0.007861762142436536,0.006808794301859458,-3.910422596102581e-05,0.0002745034268013796,0.0001062900562034258,0.0018303245562214339
166,166,166,165,970.761309903999,0.00027874559529594833,0.00018583039686396555,0.007861762142436536,0.006808794301859458,-3.910422596102581e-05,0.0002745034268013796,0.0001062900562034258,0.0018303245562214339
167,167,167,167,970.7613098493464,0.000278740764552754,0.00018582717636850266,0.007861835456823393,0.00680884077069455,-3.910158496924637e-05,0.00027450722229592213,0.00010629621898056857,0.0018303267262456623
168,168,168,168,970.7613098387039,0.00027873290782995386,0.0001858219385533026,0.007861811252333034,0.006808830500691032,-3.9103570154637446e-05,0.0002745028365985713,0.000106289597948242,0.001830314002842867
169,169,169,169,970.7613096326997,0.00027872368216055876,0.00018581578810703917,0.007861829624698802,0.006808834634270573,-3.9100241446266004e-05,0.00027450569001288497,0.000106295298237441,0.0018303111434054093
170,170,170,169,970.7613096326997,0.00027872368216055876,0.00018581578810703917,0.007861829624698802,0.006808834634270573,-3.9100241446266004e-05,0.00027450569001288497,0.000106295298237441,0.0018303111434054093
171,171,171,171,970.7613095791407,0.0002787201884263124,0.00018581345895087492,0.007861759206606736,0.006808798910972995,-3.910240249610508e-05,0.00027450226605950633,0.00010628873913578335,0.0018303050092836736
172,172,172,171,970.7613095791407,0.0002787201884263124,0.00018581345895087492,0.007861759206606736,0.006808798910972995,-3.910240249610508e-05,0.00027450226605950633,0.00010628873913578335,0.0018303050092836736
173,173,173,173,970.7613095005388,0.000278714480936082,0.00018580965395738797,0.007861833435564054,0.006808845433918138,-3.91000257821128e-05,0.0002745061256286089,0.00010629524666694312,0.0018303052926728657
174,174,174,173,970.7613095005388,0.000278714480936082,0.00018580965395738797,0.007861833435564054,0.006808845433918138,-3.91000257821128e-05,0.0002745061256286089,0.00010629524666694312,0.0018303052926728657
175,175,175,175,970.761309449726,0.0002787115876805857,0.00018580772512039045,0.007861757531559765,0.006808802603442346,-3.910215594420119e-05,0.0002745017161049231,0.00010628864362880602,0.0018302978255937841
176,176,176,175,970.761309449726,0.0002787115876805857,0.00018580772512039045,0.007861757531559765,0.006808802603442346,-3.910215594420119e-05,0.0002745017161049231,0.00010628864362880602,0.0018302978255937841
177,177,177,177,970.7613093710352,0.0002787038023003563,0.00018580253486690418,0.00786182806949268,0.006808838416300297,-3.909911410492073e-05,0.00027450532799288413,0.00010629438881128161,0.0018302963233139424
178,178,178,177,970.7613093710352,0.0002787038023003563,0.00018580253486690418,0.00786182806949268,0.006808838416300297,-3.909911410492073e-05,0.00027450532799288413,0.00010629438881128161,0.0018302963233139424
179,179,179,179,970.7613093212357,0.00027870106936150885,0.00018580071290767256,0.007861769071639041,0.006808806215227034,-3.9101179559665467e-05,0.0002745012501177728,0.00010628794998372715,0.001830290298894781
180,180,180,179,970.7613093212357,0.00027870106936150885,0.00018580071290767256,0.007861769071639041,0.006808806215227034,-3.9101179559665467e-05,0.0002745012501177728,0.00010628794998372715,0.001830290298894781
181,181,181,181,970.7613092498914,0.00027869367048311,0.00018579578032207333,0.007861847054928789,0.0068088508669867645,-3.909801739692548e-05,0.0002745045643500489,0.00010629371419471068,0.001830288157671511
182,182,182,181,970.7613092498914,0.00027869367048311,0.00018579578032207333,0.007861847054928789,0.0068088508669867645,-3.909801739692548e-05,0.0002745045643500489,0.00010629371419471068,0.001830288157671511
183,183,183,183,970.7613092032468,0.00027868995950330877,0.0001857933063355392,0.00786180211986369,0.006808823303911539,-3.910020427837224e-05,0.00027450077604613773,0.00010628732356181281,0.0018302802438936137
184,184,184,183,970.7613092032468,0.00027868995950330877,0.0001857933063355392,0.00786180211986369,0.006808823303911539,-3.910020427837224e-05,0.00027450077604613773,0.00010628732356181281,0.0018302802438936137
185,185,185,185,970.7613091307545,0.0002786852454075006,0.0001857901636050004,0.00786184247258931,0.006808845083785564,-3.909803699668479e-05,0.00027450462481026707,0.00010629401754189138,0.0018302837195435266
186,186,186,185,970.7613091307545,0.0002786852454075006,0.0001857901636050004,0.00786184247258931,0.006808845083785564,-3.909803699668479e-05,0.00027450462481026707,0.00010629401754189138,0.0018302837195435266
187,187,187,187,970.7613090845222,0.00027868036291070486,0.00018578690860713656,0.007861812547616412,0.006808828397374225,-3.9099633438850756e-05,0.00027450007552342844,0.00010628682692004343,0.0018302721895479032
188,188,188,187,970.7613090845222,0.00027868036291070486,0.00018578690860713656,0.007861812547616412,0.006808828397374225,-3.9099633438850756e-05,0.00027450007552342844,0.00010628682692004343,0.0018302721895479032
189,189,189,189,970.7613090134898,0.0002786766820304931,0.0001857844546869954,0.007861842497813557,0.006808842425957135,-3.9097536197595095e-05,0.0002745041438415979,0.00010629359134416844,0.0018302771699763866
190,190,190,189,970.7613090134898,0.0002786766820304931,0.0001857844546869954,0.007861842497813557,0.006808842425957135,-3.9097536197595095e-05,0.0002745041438415979,0.00010629359134416844,0.0018302771699763866
191,191,191,191,970.761308968276,0.0002786708998785137,0.00018578059991900914,0.007861814420564692,0.006808828636815635,-3.90986780858249e-05,0.0002744994733600559,0.00010628626937871782,0.0018302651292920833
192,192,192,191,970.761308968276,0.0002786708998785137,0.00018578059991900914,0.007861814420564692,0.006808828636815635,-3.90986780858249e-05,0.0002744994733600559,0.00010628626937871782,0.0018302651292920833
193,193,193,193,970.7613089050078,0.0002786668432666617,0.0001857778955111078,0.007861874821793966,0.00680886343846682,-3.9096065052535156e-05,0.0002745036674114404,0.00010629256022181427,0.0018302687145590117
194,194,194,193,970.7613089050078,0.0002786668432666617,0.0001857778955111078,0.007861874821793966,0.00680886343846682,-3.9096065052535156e-05,0.0002745036674114404,0.00010629256022181427,0.0018302687145590117
195,195,195,195,970.7613088550556,0.0002786635917347846,0.00018577572782318974,0.007861803371668197,0.0068088201124905795,-3.909881093649287e-05,0.0002744990914016202,0.0001062863376693618,0.0018302606300849857
196,196,196,195,970.7613088550556,0.0002786635917347846,0.00018577572782318974,0.007861803371668197,0.0068088201124905795,-3.909881093649287e-05,0.0002744990914016202,0.0001062863376693618,0.0018302606300849857
197,197,197,197,970.7613087901269,0.00027865906717586264,0.0001857727114505751,0.007861854514580657,0.0068088479788922796,-3.9096652729379844e-05,0.0002745033106620632,0.00010629298463236264,0.0018302641396321095
198,198,198,197,970.7613087901269,0.00027865906717586264,0.0001857727114505751,0.007861854514580657,0.0068088479788922796,-3.9096652729379844e-05,0.0002745033106620632,0.00010629298463236264,0.0018302641396321095
199,199,199,199,970.7613087441083,0.00027865864775813987,0.0001857724318387599,0.007861790659399378,0.006808812189192364,-3.9099227941361e-05,0.0002744993786216736,0.00010628670838569443,0.0018302595126901283
200,200,200,199,970.7613087441083,0.00027865864775813987,0.0001857724318387599,0.007861790659399378,0.006808812189192364,-3.9099227941361e-05,0.0002744993786216736,0.00010628670838569443,0.0018302595126901283
201,201,201,201,970.7613086790589,0.0002786558717330079,0.00018577058115533857,0.007861849205127919,0.00680884886929197,-3.9096660775714276e-05,0.00027450340490291415,0.00010629301887576242,0.0018302628958746388
202,202,202,201,970.7613086790589,0.0002786558717330079,0.00018577058115533857,0.007861849205127919,0.00680884886929197,-3.9096660775714276e-05,0.00027450340490291415,0.00010629301887576242,0.0018302628958746388
203,203,203,203,970.76130863206,0.00027865600602733354,0.000185770670684889,0.00786180341951573,0.006808816370059953,-3.909914985981977e-05,0.0002744993016736434,0.00010628673547515011,0.0018302578768309421
204,204,204,203,970.76130863206,0.00027865600602733354,0.000185770670684889,0.00786180341951573,0.006808816370059953,-3.909914985981977e-05,0.0002744993016736434,0.00010628673547515011,0.0018302578768309421
205,205,205,205,970.7613085705825,0.00027865561068315947,0.0001857704071221063,0.007861873008963889,0.006808861139747301,-3.909659301633284e-05,0.00027450339735760965,0.00010629306241137504,0.0018302635955876187
206,206,206,205,970.7613085705825,0.00027865561068315947,0.0001857704071221063,0.007861873008963889,0.006808861139747301,-3.909659301633284e-05,0.00027450339735760965,0.00010629306241137504,0.0018302635955876187
207,207,207,207,970.7613085236268,0.0002786561074561156,0.00018577073830407703,0.007861813739699361,0.006808828579422268,-3.9099317851627735e-05,0.00027449949002408315,0.00010628676950463767,0.0018302590651335102
208,208,208,207,970.7613085236268,0.0002786561074561156,0.00018577073830407703,0.007861813739699361,0.006808828579422268,-3.9099317851627735e-05,0.00027449949002408315,0.00010628676950463767,0.0018302590651335102
209,209,209,209,970.7613084602377,0.0002786556563558473,0.00018577043757056488,0.007861859324341584,0.006808855612276126,-3.909665287684522e-05,0.0002745035608099416,0.0001062929952464764,0.0018302649068575013
210,210,210,209,970.7613084602377,0.0002786556563558473,0.00018577043757056488,0.007861859324341584,0.006808855612276126,-3.909665287684522e-05,0.0002745035608099416,0.0001062929952464764,0.0018302649068575013
211,211,211,211,970.7613084143891,0.00027865661431750177,0.00018577107621166786,0.007861795082166839,0.006808815411031903,-3.9099341249536346e-05,0.00027449920377007654,0.00010628670244861027,0.0018302592977776442
212,212,212,211,970.7613084143891,0.00027865661431750177,0.00018577107621166786,0.007861795082166839,0.006808815411031903,-3.9099341249536346e-05,0.00027449920377007654,0.00010628670244861027,0.0018302592977776442
213,213,213,213,970.7613083493789,0.00027865528327605804,0.00018577018885070534,0.007861861662209974,0.0068088523844139215,-3.909670716106817e-05,0.00027450339386475006,0.00010629297012898498,0.0018302639757699394
214,214,214,213,970.7613083493789,0.00027865528327605804,0.00018577018885070534,0.007861861662209974,0.0068088523844139215,-3.909670716106817e-05,0.00027450339386475006,0.00010629297012898498,0.0018302639757699394
215,215,215,215,970.7613083066001,0.0002786527750504586,0.00018576851670030575,0.007861818245468105,0.006808831801333615,-3.909855029494286e-05,0.00027449945027232235,0.00010628617417474812,0.0018302538785211282
216,216,216,215,970.7613083066001,0.0002786527750504586,0.00018576851670030575,0.007861818245468105,0.006808831801333615,-3.909855029494286e-05,0.00027449945027232235,0.00010628617417474812,0.0018302538785211282
217,217,217,217,970.7613082441522,0.00027865482071098846,0.0001857698804739923,0.00786185700299571,0.006808851448568177,-3.909669120562287e-05,0.00027450342493795976,0.00010629308930436288,0.00183026289540932
218,218,218,217,970.7613082441522,0.00027865482071098846,0.0001857698804739923,0.00786185700299571,0.006808851448568177,-3.909669120562287e-05,0.00027450342493795976,0.00010629308930436288,0.00183026289540932
219,219,219,219,970.7613081988036,0.0002786549656881576,0.0001857699771254384,0.00786181473558611,0.006808828450787079,-3.9098803366235946e-05,0.00027449917894259174,0.00010628636970273775,0.0018302573478688878
220,220,220,219,970.7613081988036,0.0002786549656881576,0.0001857699771254384,0.00786181473558611,0.006808828450787079,-3.9098803366235946e-05,0.00027449917894259174,0.00010628636970273775,0.0018302573478688878
221,221,221,221,970.7613081361105,0.0002786547417767127,0.0001857698278511418,0.007861856784080733,0.0068088520351361585,-3.9096579004894993e-05,0.000274503397787431,0.00010629294590517452,0.0018302625178922844
222,222,222,221,970.7613081361105,0.0002786547417767127,0.0001857698278511418,0.007861856784080733,0.0068088520351361585,-3.9096579004894993e-05,0.000274503397787431,0.00010629294590517452,0.0018302625178922844
223,223,223,223,970.7613080885619,0.0002786556604695567,0.0001857704403130378,0.007861795071352077,0.006808814770317553,-3.9099264836493786e-05,0.00027449943049808964,0.00010628660236966514,0.0018302579549148413
224,224,224,223,970.7613080885619,0.0002786556604695567,0.0001857704403130378,0.007861795071352077,0.006808814770317553,-3.9099264836493786e-05,0.00027449943049808964,0.00010628660236966514,0.0018302579549148413
225,225,225,225,970.7613080261347,0.00027865540474750206,0.00018577026983166806,0.007861858694877648,0.006808855989366699,-3.909679140619987e-05,0.0002745036464032214,0.00010629304888096908,0.001830264519233669
226,226,226,225,970.7613080261347,0.00027865540474750206,0.00018577026983166806,0.007861858694877648,0.006808855989366699,-3.909679140619987e-05,0.0002745036464032214,0.00010629304888096908,0.001830264519233669
227,227,227,227,970.7613079791508,0.0002786561100788787,0.00018577074005258581,0.007861794009559988,0.006808815412274695,-3.9099374554915634e-05,0.0002744996209928303,0.00010628673916721759,0.0018302590001321067
228,228,228,227,970.7613079791508,0.0002786561100788787,0.00018577074005258581,0.007861794009559988,0.006808815412274695,-3.9099374554915634e-05,0.0002744996209928303,0.00010628673916721759,0.0018302590001321067
229,229,229,229,970.7613079165978,0.00027865284557038184,0.00018576856371358788,0.00786185872364518,0.006808853640076187,-3.909683501042427e-05,0.00027450360850603993,0.00010629300290316418,0.0018302587698019392
230,230,230,229,970.7613079165978,0.00027865284557038184,0.00018576856371358788,0.00786185872364518,0.006808853640076187,-3.909683501042427e-05,0.00027450360850603993,0.00010629300290316418,0.0018302587698019392
231,231,231,231,970.7613078701115,0.00027865409851696166,0.00018576939901130776,0.007861797485786253,0.006808814441734018,-3.909944715117797e-05,0.00027449936522561244,0.00010628666038996204,0.0018302539714109838
232,232,232,231,970.7613078701115,0.00027865409851696166,0.00018576939901130776,0.007861797485786253,0.006808814441734018,-3.909944715117797e-05,0.00027449936522561244,0.00010628666038996204,0.0018302539714109838
233,233,233,233,970.7613078066349,0.0002786525740143819,0.00018576838267625462,0.007861855992367255,0.006808852774177522,-3.909687083333141e-05,0.00027450344365298815,0.00010629296131151739,0.0018302583614893263
234,234,234,233,970.7613078066349,0.0002786525740143819,0.00018576838267625462,0.007861855992367255,0.006808852774177522,-3.909687083333141e-05,0.00027450344365298815,0.00010629296131151739,0.0018302583614893263
235,235,235,235,970.7613077631395,0.00027865431372053884,0.00018576954248035923,0.007861810539995542,0.006808826521609616,-3.909918396830664e-05,0.00027449921060190575,0.0001062862003951906,0.001830254867985455
236,236,236,235,970.7613077631395,0.00027865431372053884,0.00018576954248035923,0.007861810539995542,0.006808826521609616,-3.909918396830664e-05,0.00027449921060190575,0.0001062862003951906,0.001830254867985455
237,237,237,237,970.7613076969011,0.00027865254016401497,0.00018576836010934333,0.007861865537608521,0.006808855357163595,-3.909681814774635e-05,0.0002745031349200367,0.00010629276997009551,0.0018302572702662185
238,238,238,237,970.7613076969011,0.00027865254016401497,0.00018576836010934333,0.007861865537608521,0.006808855357163595,-3.909681814774635e-05,0.0002745031349200367,0.00010629276997009551,0.0018302572702662185
239,239,239,239,970.76130765053,0.00027865411990002364,0.00018576941326668245,0.00786180382886658,0.006808815714785454,-3.9099416227247885e-05,0.00027449929696554915,0.0001062866659818848,0.0018302538108874037
240,240,240,239,970.76130765053,0.00027865411990002364,0.00018576941326668245,0.00786180382886658,0.006808815714785454,-3.9099416227247885e-05,0.00027449929696554915,0.0001062866659818848,0.0018302538108874037
241,241,241,241,970.7613075895878,0.0002786533668367175,0.00018576891122447833,0.00786186191916842,0.006808855183434879,-3.9096898873089425e-05,0.0002745035487952295,0.00010629292554800024,0.0018302596127855912
242,242,242,241,970.7613075895878,0.0002786533668367175,0.00018576891122447833,0.00786186191916842,0.006808855183434879,-3.9096898873089425e-05,0.0002745035487952295,0.00010629292554800024,0.0018302596127855912
243,243,243,243,970.7613075433804,0.0002786547085605606,0.00018576980570704044,0.007861814928865502,0.006808829437168491,-3.909929473355778e-05,0.00027449962611131426,0.00010628653294892515,0.0018302551569801678
244,244,244,243,970.7613075433804,0.0002786547085605606,0.00018576980570704044,0.007861814928865502,0.006808829437168491,-3.909929473355778e-05,0.00027449962611131426,0.00010628653294892515,0.0018302551569801678
245,245,245,245,970.7613074798319,0.0002786535150883507,0.00018576901005890045,0.00786185988805787,0.006808853210552217,-3.9096768751842315e-05,0.0002745034583461493,0.000106292835170399,0.0018302595116122327
246,246,246,245,970.7613074798319,0.0002786535150883507,0.00018576901005890045,0.00786185988805787,0.006808853210552217,-3.9096768751842315e-05,0.0002745034583461493,0.000106292835170399,0.0018302595116122327
247,247,247,247,970.7613074341293,0.0002786545054890288,0.0001857696703260192,0.007861801005798825,0.006808820183948061,-3.909939587300876e-05,0.00027449958270139163,0.00010628653145414169,0.001830254864736467
248,248,248,247,970.7613074341293,0.0002786545054890288,0.0001857696703260192,0.007861801005798825,0.006808820183948061,-3.909939587300876e-05,0.00027449958270139163,0.00010628653145414169,0.001830254864736467
249,249,249,249,970.7613073705533,0.0002786525523394978,0.00018576836822633186,0.007861858479204611,0.006808855077538289,-3.909691435649565e-05,0.00027450346388190977,0.00010629287308588226,0.0018302581555075066
250,250,250,249,970.7613073705533,0.0002786525523394978,0.00018576836822633186,0.007861858479204611,0.006808855077538289,-3.909691435649565e-05,0.00027450346388190977,0.00010629287308588226,0.0018302581555075066
251,251,251,251,970.7613073239215,0.00027865325487777537,0.00018576883658518356,0.00786181060131739,0.006808824716635682,-3.9099652620465386e-05,0.0002744993786940814,0.00010628670239330035,0.0018302530261909708
252,252,252,251,970.7613073239215,0.00027865325487777537,0.00018576883658518356,0.00786181060131739,0.006808824716635682,-3.9099652620465386e-05,0.0002744993786940814,0.00010628670239330035,0.0018302530261909708
253,253,253,253,970.7613072618309,0.0002786523705801125,0.00018576824705340833,0.00786186675452737,0.006808858486462705,-3.909693664064934e-05,0.00027450336801749305,0.00010629288119156505,0.0018302579817969199
254,254,254,253,970.7613072618309,0.0002786523705801125,0.00018576824705340833,0.00786186675452737,0.006808858486462705,-3.909693664064934e-05,0.00027450336801749305,0.00010629288119156505,0.0018302579817969199
255,255,255,255,970.7613072153113,0.0002786536905286241,0.00018576912701908274,0.007861810009328299,0.006808824507373381,-3.909960012943303e-05,0.0002744992693357735,0.00010628652904519365,0.0018302533627424953
256,256,256,255,970.7613072153113,0.0002786536905286241,0.00018576912701908274,0.007861810009328299,0.006808824507373381,-3.909960012943303e-05,0.0002744992693357735,0.00010628652904519365,0.0018302533627424953
257,257,257,257,970.7613071517701,0.00027865307070615297,0.00018576871380410198,0.007861864879652477,0.0068088589339448105,-3.9096941212533876e-05,0.00027450349152577917,0.00010629276210018246,0.001830259296886393
258,258,258,257,970.7613071517701,0.00027865307070615297,0.00018576871380410198,0.007861864879652477,0.0068088589339448105,-3.9096941212533876e-05,0.00027450349152577917,0.00010629276210018246,0.001830259296886393
259,259,259,259,970.761307104941,0.0002786538694258822,0.0001857692462839215,0.007861813856124679,0.0068088272790018224,-3.909959577624855e-05,0.0002744995179909416,0.00010628660457733669,0.0018302540004299108
260,260,260,259,970.761307104941,0.0002786538694258822,0.0001857692462839215,0.007861813856124679,0.0068088272790018224,-3.909959577624855e-05,0.0002744995179909416,0.00010628660457733669,0.0018302540004299108
261,261,261,261,970.7613070436947,0.0002786526096279218,0.00018576840641861453,0.007861860998808966,0.006808853113935358,-3.909708368365211e-05,0.00027450335130153105,0.00010629293981893884,0.0018302581228153217
262,262,262,261,970.7613070436947,0.0002786526096279218,0.00018576840641861453,0.007861860998808966,0.006808853113935358,-3.909708368365211e-05,0.00027450335130153105,0.00010629293981893884,0.0018302581228153217
263,263,263,263,970.761306996398,0.00027865383968109225,0.00018576922645406152,0.007861803415800785,0.006808819127566768,-3.9099688740489025e-05,0.0002744994498654629,0.00010628660413464913,0.0018302535570287753
264,264,264,263,970.761306996398,0.00027865383968109225,0.00018576922645406152,0.007861803415800785,0.006808819127566768,-3.9099688740489025e-05,0.0002744994498654629,0.00010628660413464913,0.0018302535570287753
265,265,265,265,970.7613069339,0.0002786533414464998,0.00018576889429766652,0.007861871877444023,0.006808862321110807,-3.909696275238711e-05,0.00027450341157784423,0.0001062926841411474,0.0018302596707201195
266,266,266,265,970.7613069339,0.0002786533414464998,0.00018576889429766652,0.007861871877444023,0.006808862321110807,-3.909696275238711e-05,0.00027450341157784423,0.0001062926841411474,0.0018302596707201195
267,267,267,267,970.7613068908377,0.0002786515314300575,0.00018576768762003831,0.007861818326569098,0.0068088327936318156,-3.909892495328887e-05,0.000274499217547208,0.00010628603622234861,0.0018302509120477024
268,268,268,267,970.7613068908377,0.0002786515314300575,0.00018576768762003831,0.007861818326569098,0.0068088327936318156,-3.909892495328887e-05,0.000274499217547208,0.00010628603622234861,0.0018302509120477024
269,269,269,269,970.7613068292416,0.0002786533467154795,0.00018576889781031963,0.007861861545071307,0.00680885499732654,-3.9096901866528255e-05,0.00027450357452199486,0.00010629279162698013,0.0018302592247840897
270,270,270,269,970.7613068292416,0.0002786533467154795,0.00018576889781031963,0.007861861545071307,0.00680885499732654,-3.9096901866528255e-05,0.00027450357452199486,0.00010629279162698013,0.0018302592247840897
271,271,271,271,970.7613067811453,0.0002786541555081512,0.00018576943700543413,0.007861798703078434,0.006808819275806579,-3.909969401256347e-05,0.0002744996034406768,0.00010628655973585199,0.001830255110415889
272,272,272,271,970.7613067811453,0.0002786541555081512,0.00018576943700543413,0.007861798703078434,0.006808819275806579,-3.909969401256347e-05,0.0002744996034406768,0.00010628655973585199,0.001830255110415889
273,273,273,273,970.7613067199759,0.0002786521924826313,0.00018576812832175418,0.007861863309582558,0.0068088555763567435,-3.909703696529376e-05,0.00027450338352797825,0.00010629282231886666,0.00183025800089854
274,274,274,273,970.7613067199759,0.0002786521924826313,0.00018576812832175418,0.007861863309582558,0.0068088555763567435,-3.909703696529376e-05,0.00027450338352797825,0.00010629282231886666,0.00183025800089854
275,275,275,275,970.7613066732972,0.0002786543259856167,0.0001857695506570778,0.007861796109773002,0.006808816009258301,-3.9099743957111965e-05,0.0002744995086379695,0.00010628648963409426,0.0018302546245341491
276,276,276,275,970.7613066732972,0.0002786543259856167,0.0001857695506570778,0.007861796109773002,0.006808816009258301,-3.9099743957111965e-05,0.0002744995086379695,0.00010628648963409426,0.0018302546245341491
277,277,277,277,970.7613066099627,0.0002786526342546669,0.00018576842283644462,0.007861869152406357,0.006808859180218573,-3.9097140280192066e-05,0.00027450332851310967,0.00010629279200061875,0.0018302580924833343
278,278,278,277,970.7613066099627,0.0002786526342546669,0.00018576842283644462,0.007861869152406357,0.006808859180218573,-3.9097140280192066e-05,0.00027450332851310967,0.00010629279200061875,0.0018302580924833343
279,279,279,279,970.7613065628402,0.0002786536790105598,0.0001857691193403732,0.007861813839028077,0.006808828148885026,-3.9099783495775975e-05,0.00027449943999715513,0.00010628658014789905,0.0018302538927642343
280,280,280,279,970.7613065628402,0.0002786536790105598,0.0001857691193403732,0.007861813839028077,0.006808828148885026,-3.9099783495775975e-05,0.00027449943999715513,0.00010628658014789905,0.0018302538927642343
281,281,281,281,970.761306501214,0.00027865256601108945,0.00018576837734072632,0.007861860082981712,0.0068088543692706545,-3.909724920112684e-05,0.0002745034531453708,0.00010629287575131263,0.0018302584503004358
282,282,282,281,970.761306501214,0.00027865256601108945,0.00018576837734072632,0.007861860082981712,0.0068088543692706545,-3.909724920112684e-05,0.0002745034531453708,0.00010629287575131263,0.0018302584503004358
283,283,283,283,970.7613064549842,0.00027865385750824867,0.00018576923833883246,0.00786180933541491,0.006808822929806372,-3.9099731927901005e-05,0.0002744993883820534,0.00010628639280792218,0.001830253887038795
284,284,284,283,970.7613064549842,0.00027865385750824867,0.00018576923833883246,0.00786180933541491,0.006808822929806372,-3.9099731927901005e-05,0.0002744993883820534,0.00010628639280792218,0.001830253887038795
285,285,285,285,970.7613063913362,0.00027865232480708824,0.0001857682165380588,0.007861860911971047,0.006808856916092867,-3.909722912880803e-05,0.0002745034525265827,0.000106292756770196,0.0018302582251074123
286,286,286,285,970.7613063913362,0.00027865232480708824,0.0001857682165380588,0.007861860911971047,0.006808856916092867,-3.909722912880803e-05,0.0002745034525265827,0.000106292756770196,0.0018302582251074123
287,287,287,287,970.7613063489559,0.00027865158135431667,0.0001857677209028778,0.007861821169349635,0.006808834890397511,-3.909911328963539e-05,0.00027449926640712194,0.00010628592984373436,0.0018302514604917365
288,288,288,287,970.7613063489559,0.00027865158135431667,0.0001857677209028778,0.007861821169349635,0.006808834890397511,-3.909911328963539e-05,0.00027449926640712194,0.00010628592984373436,0.0018302514604917365
289,289,289,289,970.7613062877874,0.00027865065113930054,0.00018576710075953368,0.007861882737106364,0.0068088697249619155,-3.909643151320946e-05,0.0002745030302218041,0.00010629219566549164,0.0018302558254466798
290,290,290,289,970.7613062877874,0.00027865065113930054,0.00018576710075953368,0.007861882737106364,0.0068088697249619155,-3.909643151320946e-05,0.0002745030302218041,0.00010629219566549164,0.0018302558254466798
291,291,291,291,970.7613062422938,0.00027865490890710554,0.0001857699392714037,0.007861816648854596,0.006808832370107368,-3.909969679344316e-05,0.00027449965557804025,0.00010628636303436356,0.0018302557565048547
292,292,292,291,970.7613062422938,0.00027865490890710554,0.0001857699392714037,0.007861816648854596,0.006808832370107368,-3.909969679344316e-05,0.00027449965557804025,0.00010628636303436356,0.0018302557565048547
293,293,293,293,970.7613061776267,0.0002786529457306508,0.00018576863048710054,0.007861872781699525,0.0068088635223105196,-3.909708016427982e-05,0.0002745034586705724,0.00010629258521621665,0.0018302591994274636
294,294,294,293,970.7613061776267,0.0002786529457306508,0.00018576863048710054,0.007861872781699525,0.0068088635223105196,-3.909708016427982e-05,0.0002745034586705724,0.00010629258521621665,0.0018302591994274636
295,295,295,295,970.7613061304983,0.00027865467408150213,0.00018576978272100142,0.007861804154408982,0.006808822109014554,-3.9099764378276725e-05,0.0002744996596274282,0.00010628653169488661,0.0018302563328785994
296,296,296,295,970.7613061304983,0.00027865467408150213,0.00018576978272100142,0.007861804154408982,0.006808822109014554,-3.9099764378276725e-05,0.0002744996596274282,0.00010628653169488661,0.0018302563328785994
297,297,297,297,970.7613060703054,0.0002786535299474091,0.00018576901996493939,0.007861862756026777,0.006808859030151558,-3.909727503256799e-05,0.0002745036647634225,0.00010629278117409158,0.0018302609271953973
298,298,298,297,970.7613060703054,0.0002786535299474091,0.00018576901996493939,0.007861862756026777,0.006808859030151558,-3.909727503256799e-05,0.0002745036647634225,0.00010629278117409158,0.0018302609271953973
299,299,299,299,970.7613060237459,0.00027865360469059297,0.00018576906979372865,0.007861797858310968,0.006808819292706425,-3.909989546941467e-05,0.00027449966544726347,0.00010628645825842137,0.0018302540110018797
300,300,300,299,970.7613060237459,0.00027865360469059297,0.00018576906979372865,0.007861797858310968,0.006808819292706425,-3.909989546941467e-05,0.00027449966544726347,0.00010628645825842137,0.0018302540110018797
301,301,301,301,970.7613059601904,0.00027865290386649977,0.00018576860257766653,0.007861863372865938,0.006808856317636124,-3.90973247434076e-05,0.00027450345566337183,0.00010629271600434698,0.0018302592130801658
302,302,302,301,970.7613059601904,0.00027865290386649977,0.00018576860257766653,0.007861863372865938,0.006808856317636124,-3.90973247434076e-05,0.00027450345566337183,0.00010629271600434698,0.0018302592130801658
303,303,303,303,970.761305914427,0.0002786535593018724,0.00018576903953458163,0.007861812027411347,0.006808826324725348,-3.9099939552172946e-05,0.00027449950635829816,0.00010628638782057831,0.0018302535066078915
304,304,304,303,970.761305914427,0.0002786535593018724,0.00018576903953458163,0.007861812027411347,0.006808826324725348,-3.9099939552172946e-05,0.00027449950635829816,0.00010628638782057831,0.0018302535066078915
305,305,305,305,970.7613058510676,0.00027865180489666797,0.000185767869931112,0.00786186380341857,0.006808856549595187,-3.909737576879985e-05,0.0002745033696567985,0.00010629264734776656,0.0018302576024219182
306,306,306,305,970.7613058510676,0.00027865180489666797,0.000185767869931112,0.00786186380341857,0.006808856549595187,-3.909737576879985e-05,0.0002745033696567985,0.00010629264734776656,0.0018302576024219182
307,307,307,307,970.7613058047091,0.00027865336944515873,0.00018576891296343914,0.007861799614314007,0.006808817872063222,-3.909983170908432e-05,0.0002744993940368826,0.00010628632924651604,0.0018302529763703176
308,308,308,307,970.7613058047091,0.00027865336944515873,0.00018576891296343914,0.007861799614314007,0.006808817872063222,-3.909983170908432e-05,0.0002744993940368826,0.00010628632924651604,0.0018302529763703176
309,309,309,309,970.7613057430326,0.000278652624728537,0.00018576841648569134,0.007861864004365662,0.006808857393930074,-3.909725900055894e-05,0.0002745034710390096,0.00010629266164965956,0.0018302586387123091
310,310,310,309,970.7613057430326,0.000278652624728537,0.00018576841648569134,0.007861864004365662,0.006808857393930074,-3.909725900055894e-05,0.0002745034710390096,0.00010629266164965956,0.0018302586387123091
311,311,311,311,970.7613056978928,0.00027865430199930374,0.0001857695346662025,0.007861820485951835,0.006808836784687994,-3.910058958640772e-05,0.00027449919237036225,0.00010628645038900791,0.0018302549564537629
312,312,312,311,970.7613056978928,0.00027865430199930374,0.0001857695346662025,0.007861820485951835,0.006808836784687994,-3.910058958640772e-05,0.00027449919237036225,0.00010628645038900791,0.0018302549564537629
313,313,313,313,970.7613056341277,0.00027865269700716455,0.00018576846467144303,0.007861857656896983,0.006808855900164534,-3.909720899816088e-05,0.0002745035791896989,0.00010629258319849733,0.0018302588270598325
314,314,314,313,970.7613056341277,0.00027865269700716455,0.00018576846467144303,0.007861857656896983,0.006808855900164534,-3.909720899816088e-05,0.0002745035791896989,0.00010629258319849733,0.0018302588270598325
315,315,315,315,970.7613055881477,0.0002786536487079383,0.00018576909913862552,0.007861812383640112,0.006808829070627638,-3.90999754190241e-05,0.00027449961653620473,0.00010628636620482745,0.001830254281856943
316,316,316,315,970.7613055881477,0.0002786536487079383,0.00018576909913862552,0.007861812383640112,0.006808829070627638,-3.90999754190241e-05,0.00027449961653620473,0.00010628636620482745,0.001830254281856943
317,317,317,317,970.7613055255733,0.00027865235245838615,0.00018576823497225745,0.007861854421347217,0.006808853394601928,-3.909751467739281e-05,0.0002745035610578878,0.00010629273864969091,0.0018302582443011975
318,318,318,317,970.7613055255733,0.00027865235245838615,0.00018576823497225745,0.007861854421347217,0.006808853394601928,-3.909751467739281e-05,0.0002745035610578878,0.00010629273864969091,0.0018302582443011975
319,319,319,319,970.7613054806038,0.0002786541007470389,0.00018576940049802593,0.007861813721994952,0.0068088307167378384,-3.909975810379579e-05,0.00027449971109923916,0.0001062862227264108,0.0018302544201955653
320,320,320,319,970.7613054806038,0.0002786541007470389,0.00018576940049802593,0.007861813721994952,0.0068088307167378384,-3.909975810379579e-05,0.00027449971109923916,0.0001062862227264108,0.0018302544201955653
321,321,321,321,970.7613054173719,0.00027865290943826504,0.00018576860629217667,0.007861864755025922,0.006808858070024791,-3.909735659436697e-05,0.00027450348939637103,0.00010629258638188838,0.0018302594370554273
322,322,322,321,970.7613054173719,0.00027865290943826504,0.00018576860629217667,0.007861864755025922,0.006808858070024791,-3.909735659436697e-05,0.00027450348939637103,0.00010629258638188838,0.0018302594370554273
323,323,323,323,970.7613053711862,0.0002786534898906734,0.00018576899326044893,0.007861809589354021,0.0068088265388160756,-3.910006501676999e-05,0.00027449953038387044,0.00010628630978889303,0.0018302541196952597
324,324,324,323,970.7613053711862,0.0002786534898906734,0.00018576899326044893,0.007861809589354021,0.0068088265388160756,-3.910006501676999e-05,0.00027449953038387044,0.00010628630978889303,0.0018302541196952597
325,325,325,325,970.7613053082176,0.0002786529045954722,0.00018576860306364812,0.007861862474203795,0.0068088586072694475,-3.909746543836329e-05,0.00027450358564729823,0.00010629256860340136,0.001830259468931541
326,326,326,325,970.7613053082176,0.0002786529045954722,0.00018576860306364812,0.007861862474203795,0.0068088586072694475,-3.909746543836329e-05,0.00027450358564729823,0.00010629256860340136,0.001830259468931541
327,327,327,327,970.7613052631406,0.0002786565575605138,0.00018577103837367584,0.007861805186985782,0.006808824381332717,-3.910007311341834e-05,0.00027449973804527094,0.00010628633022556622,0.0018302606210540999
328,328,328,327,970.7613052631406,0.0002786565575605138,0.00018577103837367584,0.007861805186985782,0.006808824381332717,-3.910007311341834e-05,0.00027449973804527094,0.00010628633022556622,0.0018302606210540999
329,329,329,329,970.7613052008148,0.00027865578314917316,0.00018577052209944878,0.007861870302695154,0.006808865766955601,-3.909741314623433e-05,0.0002745033879433107,0.00010629225721509039,0.001830266454389558
330,330,330,329,970.7613052008148,0.00027865578314917316,0.00018577052209944878,0.007861870302695154,0.006808865766955601,-3.909741314623433e-05,0.0002745033879433107,0.00010629225721509039,0.001830266454389558
331,331,331,331,970.7613051584651,0.0002786557461186556,0.0001857704974124371,0.007861809754495587,0.006808828623135788,-3.909998750133842e-05,0.00027449918890755116,0.0001062856017802205,0.00183025929087046
332,332,332,331,970.7613051584651,0.0002786557461186556,0.0001857704974124371,0.007861809754495587,0.006808828623135788,-3.909998750133842e-05,0.00027449918890755116,0.0001062856017802205,0.00183025929087046
333,333,333,333,970.7613050924919,0.0002786540871264065,0.00018576939141760432,0.00786186074615283,0.006808855765546969,-3.9097511094592086e-05,0.00027450339029281505,0.00010629247736777814,0.0018302605960349451
334,334,334,333,970.7613050924919,0.0002786540871264065,0.00018576939141760432,0.00786186074615283,0.006808855765546969,-3.9097511094592086e-05,0.00027450339029281505,0.00010629247736777814,0.0018302605960349451
335,335,335,335,970.76130505066,0.0002786505969861741,0.0001857670646574494,0.007861820722673793,0.006808835167065154,-3.9099129974622115e-05,0.0002744990072957092,0.0001062854606637062,0.0018302492516322289
336,336,336,335,970.76130505066,0.0002786505969861741,0.0001857670646574494,0.007861820722673793,0.006808835167065154,-3.9099129974622115e-05,0.0002744990072957092,0.0001062854606637062,0.0018302492516322289
337,337,337,337,970.7613049911242,0.0002786551391293357,0.00018577009275289047,0.007861863240870683,0.006808859800855467,-3.9097308606149406e-05,0.0002745037119613552,0.00010629255764918466,0.0018302624027935364
338,338,338,337,970.7613049911242,0.0002786551391293357,0.00018577009275289047,0.007861863240870683,0.006808859800855467,-3.9097308606149406e-05,0.0002745037119613552,0.00010629255764918466,0.0018302624027935364
339,339,339,339,970.7613049429124,0.0002786555595085116,0.00018577037300567442,0.007861816107761653,0.006808832486319924,-3.909981512124905e-05,0.00027449951835276695,0.00010628607934466683,0.0018302561102639312
340,340,340,339,970.7613049429124,0.0002786555595085116,0.00018577037300567442,0.007861816107761653,0.006808832486319924,-3.909981512124905e-05,0.00027449951835276695,0.00010628607934466683,0.0018302561102639312
341,341,341,341,970.7613048840913,0.00027865244995986527,0.0001857682999732435,0.007861879786475137,0.0068088690094173735,-3.9096944711859705e-05,0.00027450321901509496,0.00010629210684770518,0.0018302570447657077
342,342,342,341,970.7613048840913,0.00027865244995986527,0.0001857682999732435,0.007861879786475137,0.0068088690094173735,-3.9096944711859705e-05,0.00027450321901509496,0.00010629210684770518,0.0018302570447657077
343,343,343,343,970.7613048362625,0.00027865487506781306,0.00018576991671187537,0.007861800311769716,0.00680882092920815,-3.9099962014184364e-05,0.00027449959810887226,0.00010628605369582961,0.0018302547236732957
344,344,344,343,970.7613048362625,0.00027865487506781306,0.00018576991671187537,0.007861800311769716,0.00680882092920815,-3.9099962014184364e-05,0.00027449959810887226,0.00010628605369582961,0.0018302547236732957
345,345,345,345,970.7613047753875,0.0002786535809861934,0.0001857690539907956,0.007861858869670701,0.006808857624455796,-3.90973938523137e-05,0.00027450350101002784,0.00010629238975519428,0.0018302586517774098
346,346,346,345,970.7613047753875,0.0002786535809861934,0.0001857690539907956,0.007861858869670701,0.006808857624455796,-3.90973938523137e-05,0.00027450350101002784,0.00010629238975519428,0.0018302586517774098
347,347,347,347,970.7613047280781,0.00027865433084486857,0.00018576955389657906,0.00786182182892974,0.006808836779527474,-3.9099532140256243e-05,0.00027449957774158514,0.00010628582701001366,0.001830253977906332
348,348,348,347,970.7613047280781,0.00027865433084486857,0.00018576955389657906,0.00786182182892974,0.006808836779527474,-3.9099532140256243e-05,0.00027449957774158514,0.00010628582701001366,0.001830253977906332
349,349,349,349,970.7613046693815,0.0002786543780481654,0.00018576958536544358,0.007861862137554425,0.0068088572069552,-3.909745920335078e-05,0.0002745035267554762,0.00010629248067134389,0.0018302590849493987
350,350,350,349,970.7613046693815,0.0002786543780481654,0.00018576958536544358,0.007861862137554425,0.0068088572069552,-3.909745920335078e-05,0.0002745035267554762,0.00010629248067134389,0.0018302590849493987
351,351,351,351,970.7613046220985,0.000278655421268148,0.000185770280845432,0.007861801043907003,0.006808820708298992,-3.9100091188480623e-05,0.0002744996140868934,0.00010628612230053486,0.0018302545701736439
352,352,352,351,970.7613046220985,0.000278655421268148,0.000185770280845432,0.007861801043907003,0.006808820708298992,-3.9100091188480623e-05,0.0002744996140868934,0.00010628612230053486,0.0018302545701736439
353,353,353,353,970.7613045610781,0.0002786534521686257,0.0001857689681124171,0.007861864153424847,0.006808857166824221,-3.909756054093494e-05,0.0002745033932776766,0.00010629244538313404,0.001830256915827955
354,354,354,353,970.7613045610781,0.0002786534521686257,0.0001857689681124171,0.007861864153424847,0.006808857166824221,-3.909756054093494e-05,0.0002745033932776766,0.00010629244538313404,0.001830256915827955
355,355,355,355,970.7613045148382,0.00027865443779820365,0.00018576962519880244,0.007861820602676097,0.0068088349691880126,-3.909973668617811e-05,0.0002744993713934015,0.00010628591768148399,0.00183025296902727
356,356,356,355,970.7613045148382,0.00027865443779820365,0.00018576962519880244,0.007861820602676097,0.0068088349691880126,-3.909973668617811e-05,0.0002744993713934015,0.00010628591768148399,0.00183025296902727
357,357,357,357,970.7613044563761,0.00027865309962460394,0.0001857687330830693,0.007861882962557383,0.006808869778705644,-3.909704295704253e-05,0.0002745032538349238,0.00010629206882260128,0.0018302571817107286
358,358,358,357,970.7613044563761,0.00027865309962460394,0.0001857687330830693,0.007861882962557383,0.006808869778705644,-3.909704295704253e-05,0.0002745032538349238,0.00010629206882260128,0.0018302571817107286
359,359,359,359,970.7613044080517,0.0002786550751839867,0.0001857700501226578,0.007861798567630175,0.00680881834972393,-3.9100211738134216e-05,0.00027449956823151554,0.00010628618030675968,0.0018302523721736691
360,360,360,359,970.7613044080517,0.0002786550751839867,0.0001857700501226578,0.007861798567630175,0.00680881834972393,-3.9100211738134216e-05,0.00027449956823151554,0.00010628618030675968,0.0018302523721736691
361,361,361,361,970.7613043473372,0.00027865372938468136,0.0001857691529231209,0.007861865945385158,0.00680885630072168,-3.909762235255326e-05,0.0002745033820289722,0.00010629245138354254,0.0018302564197655944
362,362,362,361,970.7613043473372,0.00027865372938468136,0.0001857691529231209,0.007861865945385158,0.00680885630072168,-3.909762235255326e-05,0.0002745033820289722,0.00010629245138354254,0.0018302564197655944
363,363,363,363,970.7613042991478,0.00027865436031818125,0.00018576957354545415,0.00786180099232854,0.00680881832184088,-3.9100239354418476e-05,0.0002744995851067034,0.00010628618897672026,0.0018302509474723851
364,364,364,363,970.7613042991478,0.00027865436031818125,0.00018576957354545415,0.00786180099232854,0.00680881832184088,-3.9100239354418476e-05,0.0002744995851067034,0.00010628618897672026,0.0018302509474723851
365,365,365,365,970.7613042394028,0.0002786540300610818,0.00018576935337405454,0.00786186300307983,0.006808857877082483,-3.909769122735496e-05,0.00027450358251279196,0.00010629248218448767,0.0018302570963071726
366,366,366,365,970.7613042394028,0.0002786540300610818,0.00018576935337405454,0.00786186300307983,0.006808857877082483,-3.909769122735496e-05,0.00027450358251279196,0.00010629248218448767,0.0018302570963071726
367,367,367,367,970.7613041941985,0.0002786529417085626,0.0001857686278057084,0.007861825968431775,0.00680883730809302,-3.90996355730186e-05,0.00027449947787244614,0.0001062856943592691,0.0018302493811532582
368,368,368,367,970.7613041941985,0.0002786529417085626,0.0001857686278057084,0.007861825968431775,0.00680883730809302,-3.90996355730186e-05,0.00027449947787244614,0.0001062856943592691,0.0018302493811532582
369,369,369,369,970.7613041340442,0.0002786533306310124,0.00018576888708734157,0.00786188164134311,0.006808867093548225,-3.909749806982332e-05,0.0002745032802772743,0.00010629232729611471,0.0018302545332290893
370,370,370,369,970.7613041340442,0.0002786533306310124,0.00018576888708734157,0.00786188164134311,0.006808867093548225,-3.909749806982332e-05,0.0002745032802772743,0.00010629232729611471,0.0018302545332290893
371,371,371,371,970.7613040895541,0.0002786520288143024,0.00018576801920953492,0.007861825447443939,0.006808837243104118,-3.90994834235589e-05,0.000274499242700521,0.00010628551583165974,0.0018302474176417375
372,372,372,371,970.7613040895541,0.0002786520288143024,0.00018576801920953492,0.007861825447443939,0.006808837243104118,-3.90994834235589e-05,0.000274499242700521,0.00010628551583165974,0.0018302474176417375
373,373,373,373,970.7613040293325,0.000278654364023051,0.0001857695760153673,0.007861868989059289,0.006808858979271898,-3.909749957713843e-05,0.00027450357022123487,0.00010629234114709757,0.0018302565007281917
374,374,374,373,970.7613040293325,0.000278654364023051,0.0001857695760153673,0.007861868989059289,0.006808858979271898,-3.909749957713843e-05,0.00027450357022123487,0.00010629234114709757,0.0018302565007281917
375,375,375,375,970.7613039843843,0.0002786513537840485,0.00018576756918936566,0.007861826232250806,0.006808837534960148,-3.9099412019301394e-05,0.00027449913410241026,0.00010628544902397535,0.0018302457674750831
376,376,376,375,970.7613039843843,0.0002786513537840485,0.00018576756918936566,0.007861826232250806,0.006808837534960148,-3.9099412019301394e-05,0.00027449913410241026,0.00010628544902397535,0.0018302457674750831
377,377,377,377,970.7613039252121,0.0002786550162798551,0.00018577001085323674,0.007861890586363067,0.006808872756081917,-3.9097469432043674e-05,0.0002745035610944392,0.0001062922910047906,0.0018302571560921386
378,378,378,377,970.7613039252121,0.0002786550162798551,0.00018577001085323674,0.007861890586363067,0.006808872756081917,-3.9097469432043674e-05,0.0002745035610944392,0.0001062922910047906,0.0018302571560921386
379,379,379,379,970.761303875965,0.00027865547225219833,0.0001857703148347989,0.007861804429574097,0.006808821467151525,-3.910020991130386e-05,0.0002744996692108862,0.00010628601015109929,0.0018302513626286695
380,380,380,379,970.761303875965,0.00027865547225219833,0.0001857703148347989,0.007861804429574097,0.006808821467151525,-3.910020991130386e-05,0.0002744996692108862,0.00010628601015109929,0.0018302513626286695
381,381,381,381,970.7613038164084,0.0002786533140708425,0.0001857688760472283,0.00786186926998497,0.006808858133082634,-3.909757364847083e-05,0.0002745034072693666,0.00010629225645444884,0.001830254070440305
382,382,382,381,970.7613038164084,0.0002786533140708425,0.0001857688760472283,0.00786186926998497,0.006808858133082634,-3.909757364847083e-05,0.0002745034072693666,0.00010629225645444884,0.001830254070440305
383,383,383,383,970.7613037680042,0.0002786546240242105,0.00018576974934947366,0.007861828507221074,0.006808837701552405,-3.9100090339180826e-05,0.0002744995610702123,0.00010628597939574269,0.0018302500915227476
384,384,384,383,970.7613037680042,0.0002786546240242105,0.00018576974934947366,0.007861828507221074,0.006808837701552405,-3.9100090339180826e-05,0.0002744995610702123,0.00010628597939574269,0.0018302500915227476
385,385,385,385,970.7613037110319,0.00027865327308501664,0.00018576884872334443,0.007861873711436181,0.006808860104310931,-3.909760401245299e-05,0.0002745034837376829,0.00010629239656986811,0.0018302537478126148
386,386,386,385,970.7613037110319,0.00027865327308501664,0.00018576884872334443,0.007861873711436181,0.006808860104310931,-3.909760401245299e-05,0.0002745034837376829,0.00010629239656986811,0.0018302537478126148
387,387,387,387,970.7613036620097,0.00027865487311456993,0.0001857699154097133,0.007861824467371823,0.0068088339803019805,-3.910006352935563e-05,0.0002745000003010611,0.0001062859691644269,0.0018302507148552178
388,388,388,387,970.7613036620097,0.00027865487311456993,0.0001857699154097133,0.007861824467371823,0.0068088339803019805,-3.910006352935563e-05,0.0002745000003010611,0.0001062859691644269,0.0018302507148552178
389,389,389,389,970.7613036036598,0.0002786536503841808,0.00018576910025612053,0.007861870544703595,0.006808861611703454,-3.909767974021039e-05,0.00027450368569405486,0.00010629233239742991,0.0018302543627083945
390,390,390,389,970.7613036036598,0.0002786536503841808,0.00018576910025612053,0.007861870544703595,0.006808861611703454,-3.909767974021039e-05,0.00027450368569405486,0.00010629233239742991,0.0018302543627083945
391,391,391,391,970.7613035553954,0.00027865435346469125,0.00018576956897646085,0.007861825388908289,0.006808833685467381,-3.9100214504358966e-05,0.0002744995983657231,0.00010628598041884096,0.001830248730912028
392,392,392,391,970.7613035553954,0.00027865435346469125,0.00018576956897646085,0.007861825388908289,0.006808833685467381,-3.9100214504358966e-05,0.0002744995983657231,0.00010628598041884096,0.001830248730912028
393,393,393,393,970.7613034954438,0.0002786531882102983,0.00018576879214019887,0.007861871967498517,0.006808858387930838,-3.909777495683664e-05,0.00027450344003996833,0.00010629227825369875,0.0018302524638582382
394,394,394,393,970.7613034954438,0.0002786531882102983,0.00018576879214019887,0.007861871967498517,0.006808858387930838,-3.909777495683664e-05,0.00027450344003996833,0.00010629227825369875,0.0018302524638582382
395,395,395,395,970.7613034461929,0.0002786538079825318,0.00018576920532168786,0.007861810179086295,0.006808822931302083,-3.910041139544573e-05,0.00027449971439889577,0.00010628607064393919,0.0018302479255191992
396,396,396,395,970.7613034461929,0.0002786538079825318,0.00018576920532168786,0.007861810179086295,0.006808822931302083,-3.910041139544573e-05,0.00027449971439889577,0.00010628607064393919,0.0018302479255191992
397,397,397,397,970.7613033880434,0.0002786537133871725,0.00018576914225811497,0.00786188067317177,0.0068088605764610455,-3.9097813582626706e-05,0.00027450343105881836,0.00010629223706364738,0.001830254138294647
398,398,398,397,970.7613033880434,0.0002786537133871725,0.00018576914225811497,0.00786188067317177,0.0068088605764610455,-3.9097813582626706e-05,0.00027450343105881836,0.00010629223706364738,0.001830254138294647
399,399,399,399,970.7613033383668,0.00027865461735993025,0.00018576974490662015,0.007861824777169811,0.00680883347108229,-3.910051073575255e-05,0.0002745000634656761,0.00010628610245193293,0.0018302503440452986
400,400,400,399,970.7613033383668,0.00027865461735993025,0.00018576974490662015,0.007861824777169811,0.00680883347108229,-3.910051073575255e-05,0.0002745000634656761,0.00010628610245193293,0.0018302503440452986
401,401,401,401,970.7613032803436,0.0002786525316388344,0.00018576835442588963,0.007861870256820575,0.00680885970553461,-3.9098027137404734e-05,0.0002745035426723066,0.00010629244338392074,0.001830253016443684
402,402,402,401,970.7613032803436,0.0002786525316388344,0.00018576835442588963,0.007861870256820575,0.00680885970553461,-3.9098027137404734e-05,0.0002745035426723066,0.00010629244338392074,0.001830253016443684
403,403,403,403,970.7613032359342,0.00027865084439368526,0.00018576722959579017,0.007861834750458908,0.006808840705975901,-3.909983507622422e-05,0.0002744992554945653,0.00010628545554113716,0.0018302432344550882
404,404,404,403,970.7613032359342,0.00027865084439368526,0.00018576722959579017,0.007861834750458908,0.006808840705975901,-3.909983507622422e-05,0.0002744992554945653,0.00010628545554113716,0.0018302432344550882
405,405,405,405,970.7613031761346,0.000278654223849345,0.00018576948256623002,0.007861880285003998,0.006808859422794205,-3.909785778202085e-05,0.0002745033892138969,0.00010629224982791619,0.0018302546285562519
406,406,406,405,970.7613031761346,0.000278654223849345,0.00018576948256623002,0.007861880285003998,0.006808859422794205,-3.909785778202085e-05,0.0002745033892138969,0.00010629224982791619,0.0018302546285562519
407,407,407,407,970.7613031268713,0.00027865469998253345,0.00018576979998835563,0.007861800886031353,0.0068088195063251145,-3.910053782687356e-05,0.00027449968664704086,0.00010628606593453965,0.0018302503572153075
408,408,408,407,970.7613031268713,0.00027865469998253345,0.00018576979998835563,0.007861800886031353,0.0068088195063251145,-3.910053782687356e-05,0.00027449968664704086,0.00010628606593453965,0.0018302503572153075
409,409,409,409,970.7613030678394,0.00027865344241229106,0.00018576896160819403,0.00786186582746204,0.006808858199053901,-3.9097907582621994e-05,0.0002745035133037321,0.00010629224633321166,0.0018302547428753354
410,410,410,409,970.7613030678394,0.00027865344241229106,0.00018576896160819403,0.00786186582746204,0.006808858199053901,-3.9097907582621994e-05,0.0002745035133037321,0.00010629224633321166,0.0018302547428753354
411,411,411,411,970.7613030172494,0.00027865423687942203,0.000185769491252948,0.007861812811216578,0.00680882752861678,-3.910057077345652e-05,0.00027449958868604586,0.00010628615203972513,0.0018302497339116172
412,412,412,411,970.7613030172494,0.00027865423687942203,0.000185769491252948,0.007861812811216578,0.00680882752861678,-3.910057077345652e-05,0.00027449958868604586,0.00010628615203972513,0.0018302497339116172
413,413,413,413,970.7613029606883,0.00027865351347791667,0.00018576900898527776,0.00786186929535307,0.006808860978239672,-3.90980248546266e-05,0.00027450378912668663,0.00010629240868680057,0.0018302554712534807
414,414,414,413,970.7613029606883,0.00027865351347791667,0.00018576900898527776,0.00786186929535307,0.006808860978239672,-3.90980248546266e-05,0.00027450378912668663,0.00010629240868680057,0.0018302554712534807
415,415,415,415,970.7613029104609,0.00027865484052971845,0.00018576989368647895,0.007861817592355077,0.006808831677747639,-3.910066500091569e-05,0.0002744994489634604,0.00010628609686783724,0.0018302511403828494
416,416,416,415,970.7613029104609,0.00027865484052971845,0.00018576989368647895,0.007861817592355077,0.006808831677747639,-3.910066500091569e-05,0.0002744994489634604,0.00010628609686783724,0.0018302511403828494
417,417,417,417,970.7613028529798,0.0002786535808816659,0.00018576905392111062,0.007861861726345615,0.006808856222856352,-3.909813670013862e-05,0.000274503627313281,0.0001062924713690766,0.001830255614778183
418,418,418,417,970.7613028529798,0.0002786535808816659,0.00018576905392111062,0.007861861726345615,0.006808856222856352,-3.909813670013862e-05,0.000274503627313281,0.0001062924713690766,0.001830255614778183
419,419,419,419,970.7613028037044,0.00027865470179497254,0.00018576980119664838,0.00786181001476175,0.006808827268410834,-3.910077381364535e-05,0.0002744993940713466,0.00010628607996263084,0.0018302506588288314
420,420,420,419,970.7613028037044,0.00027865470179497254,0.00018576980119664838,0.00786181001476175,0.006808827268410834,-3.910077381364535e-05,0.0002744993940713466,0.00010628607996263084,0.0018302506588288314
421,421,421,421,970.7613027448743,0.00027865344471794673,0.00018576896314529784,0.0078618599559942,0.0068088579113446904,-3.9098083165170494e-05,0.0002745036115383453,0.00010629222082411682,0.0018302557764283151
422,422,422,421,970.7613027448743,0.00027865344471794673,0.00018576896314529784,0.0078618599559942,0.0068088579113446904,-3.9098083165170494e-05,0.0002745036115383453,0.00010629222082411682,0.0018302557764283151
423,423,423,423,970.7613026965535,0.000278654543452439,0.00018576969563495935,0.007861801403238446,0.006808821594988211,-3.910068478864964e-05,0.00027449970405927533,0.00010628600375867103,0.0018302510136236766
424,424,424,423,970.7613026965535,0.000278654543452439,0.00018576969563495935,0.007861801403238446,0.006808821594988211,-3.910068478864964e-05,0.00027449970405927533,0.00010628600375867103,0.0018302510136236766
425,425,425,425,970.7613026380182,0.00027865344532665426,0.00018576896355110284,0.007861865105265271,0.006808858460142785,-3.909812670829793e-05,0.0002745035104939754,0.00010629228946747865,0.0018302554080436284
426,426,426,425,970.7613026380182,0.00027865344532665426,0.00018576896355110284,0.007861865105265271,0.006808858460142785,-3.909812670829793e-05,0.0002745035104939754,0.00010629228946747865,0.0018302554080436284
427,427,427,427,970.7613025889325,0.0002786541199016612,0.00018576941326777413,0.007861798270197085,0.006808818665497725,-3.910072933405867e-05,0.00027449961755347737,0.0001062860556076961,0.0018302500960650776
428,428,428,427,970.7613025889325,0.0002786541199016612,0.00018576941326777413,0.007861798270197085,0.006808818665497725,-3.910072933405867e-05,0.00027449961755347737,0.0001062860556076961,0.0018302500960650776
429,429,429,429,970.7613025319096,0.00027865275042507354,0.00018576850028338235,0.007861861319977773,0.006808858583877715,-3.9098111255575496e-05,0.0002745034204983049,0.0001062923493219542,0.0018302547924466017
430,430,430,429,970.7613025319096,0.00027865275042507354,0.00018576850028338235,0.007861861319977773,0.006808858583877715,-3.9098111255575496e-05,0.0002745034204983049,0.0001062923493219542,0.0018302547924466017
431,431,431,431,970.7613024834232,0.00027865424765302627,0.00018576949843535084,0.007861817127795231,0.006808832827142031,-3.9100651798996966e-05,0.00027449959020278334,0.00010628603015913618,0.0018302502581601212
432,432,432,431,970.7613024834232,0.00027865424765302627,0.00018576949843535084,0.007861817127795231,0.006808832827142031,-3.9100651798996966e-05,0.00027449959020278334,0.00010628603015913618,0.0018302502581601212
433,433,433,433,970.7613024241911,0.00027865272594745916,0.00018576848396497275,0.007861861943159016,0.006808858535894092,-3.909805649814774e-05,0.0002745035625207474,0.00010629213862555636,0.0018302546616355835
434,434,434,433,970.7613024241911,0.00027865272594745916,0.00018576848396497275,0.007861861943159016,0.006808858535894092,-3.909805649814774e-05,0.0002745035625207474,0.00010629213862555636,0.0018302546616355835
435,435,435,435,970.7613023743233,0.00027865513428562694,0.0001857700895237513,0.007861799851857214,0.006808824343698963,-3.910067605628065e-05,0.00027449995824583006,0.00010628606511531996,0.001830253097467633
436,436,436,435,970.7613023743233,0.00027865513428562694,0.0001857700895237513,0.007861799851857214,0.006808824343698963,-3.910067605628065e-05,0.00027449995824583006,0.00010628606511531996,0.001830253097467633
437,437,437,437,970.7613023179015,0.0002786540788737857,0.00018576938591585712,0.00786186921539806,0.0068088646654932685,-3.909809555555088e-05,0.00027450380580365156,0.00010629229148576003,0.001830257988338706
438,438,438,437,970.7613023179015,0.0002786540788737857,0.00018576938591585712,0.00786186921539806,0.0068088646654932685,-3.909809555555088e-05,0.00027450380580365156,0.00010629229148576003,0.001830257988338706
439,439,439,439,970.7613022687922,0.0002786563438249845,0.000185770895883323,0.00786181537211438,0.006808829953183518,-3.910080174365782e-05,0.00027449994520738864,0.00010628602399107012,0.0018302545239641972
440,440,440,439,970.7613022687922,0.0002786563438249845,0.000185770895883323,0.00786181537211438,0.006808829953183518,-3.910080174365782e-05,0.00027449994520738864,0.00010628602399107012,0.0018302545239641972
441,441,441,441,970.7613022098496,0.0002786539543539468,0.00018576930290263122,0.007861874114106554,0.006808866062388942,-3.909812423423531e-05,0.0002745037069840857,0.00010629220554869007,0.0018302578010743003
442,442,442,441,970.7613022098496,0.0002786539543539468,0.00018576930290263122,0.007861874114106554,0.006808866062388942,-3.909812423423531e-05,0.0002745037069840857,0.00010629220554869007,0.0018302578010743003
443,443,443,443,970.7613021611432,0.00027865496390094835,0.00018576997593396555,0.007861799196411659,0.006808821173192247,-3.910090858030152e-05,0.00027449980821270313,0.00010628601464398452,0.0018302530653657098
444,444,444,443,970.7613021611432,0.00027865496390094835,0.00018576997593396555,0.007861799196411659,0.006808821173192247,-3.910090858030152e-05,0.00027449980821270313,0.00010628601464398452,0.0018302530653657098
445,445,445,445,970.7613021023917,0.0002786534139584962,0.00018576894263899746,0.007861864417654347,0.006808860134692103,-3.909826518142673e-05,0.0002745036364659475,0.0001062922303365077,0.0018302570530105086
446,446,446,445,970.7613021023917,0.0002786534139584962,0.00018576894263899746,0.007861864417654347,0.006808860134692103,-3.909826518142673e-05,0.0002745036364659475,0.0001062922303365077,0.0018302570530105086
447,447,447,447,970.761302052228,0.0002786546263604528,0.0001857697509069685,0.007861800770271583,0.0068088225796324635,-3.910093409126986e-05,0.0002744997574790835,0.00010628607975121662,0.0018302526345557908
448,448,448,447,970.761302052228,0.0002786546263604528,0.0001857697509069685,0.007861800770271583,0.0068088225796324635,-3.910093409126986e-05,0.0002744997574790835,0.00010628607975121662,0.0018302526345557908
449,449,449,449,970.761301996541,0.0002786532261088992,0.0001857688174059328,0.007861861782750263,0.006808858407275223,-3.909835209754686e-05,0.00027450364955660154,0.00010629229395382744,0.0018302567557327487
450,450,450,449,970.761301996541,0.0002786532261088992,0.0001857688174059328,0.007861861782750263,0.006808858407275223,-3.909835209754686e-05,0.00027450364955660154,0.00010629229395382744,0.0018302567557327487
451,451,451,451,970.7613019464127,0.00027865477527100335,0.00018576985018066888,0.0078618007949749,0.006808822800084891,-3.910095530398894e-05,0.0002744997896712917,0.00010628597931047756,0.0018302530189841632
452,452,452,451,970.7613019464127,0.00027865477527100335,0.00018576985018066888,0.0078618007949749,0.006808822800084891,-3.910095530398894e-05,0.0002744997896712917,0.00010628597931047756,0.0018302530189841632
453,453,453,453,970.7613018882932,0.00027865351566816465,0.00018576901044544308,0.00786186197930585,0.006808859120634472,-3.90983727183436e-05,0.00027450365261843547,0.00010629225358301658,0.0018302573215657218
454,454,454,453,970.7613018882932,0.00027865351566816465,0.00018576901044544308,0.00786186197930585,0.006808859120634472,-3.90983727183436e-05,0.00027450365261843547,0.00010629225358301658,0.0018302573215657218
455,455,455,455,970.7613018396949,0.00027865502369375794,0.00018577001579583863,0.007861798341079442,0.00680882192349814,-3.91009834064468e-05,0.00027449983430583957,0.00010628595271038044,0.0018302535056500106
456,456,456,455,970.7613018396949,0.00027865502369375794,0.00018577001579583863,0.007861798341079442,0.00680882192349814,-3.91009834064468e-05,0.00027449983430583957,0.00010628595271038044,0.0018302535056500106
457,457,457,457,970.7613017824266,0.0002786517594465243,0.00018576783963101623,0.00786188094197529,0.006808871742843112,-3.909788184633389e-05,0.00027450303996171297,0.00010629170628079221,0.0018302538775048585
458,458,458,457,970.7613017824266,0.0002786517594465243,0.00018576783963101623,0.00786188094197529,0.006808871742843112,-3.909788184633389e-05,0.00027450303996171297,0.00010629170628079221,0.0018302538775048585
459,459,459,459,970.7613017327322,0.0002786543649211104,0.0001857695766140736,0.00786180604915723,0.006808827342145249,-3.910089634425601e-05,0.00027449995926755405,0.00010628599141215139,0.0018302528751148568
460,460,460,459,970.7613017327322,0.0002786543649211104,0.0001857695766140736,0.00786180604915723,0.006808827342145249,-3.910089634425601e-05,0.00027449995926755405,0.00010628599141215139,0.0018302528751148568
461,461,461,461,970.7613016764097,0.00027865320195433196,0.00018576880130288798,0.007861860688503277,0.006808858692542906,-3.909836396998739e-05,0.00027450366247108385,0.0001062922356011714,0.0018302571027266597
462,462,462,461,970.7613016764097,0.00027865320195433196,0.00018576880130288798,0.007861860688503277,0.006808858692542906,-3.909836396998739e-05,0.00027450366247108385,0.0001062922356011714,0.0018302571027266597
463,463,463,463,970.7613016268537,0.00027865403730614746,0.0001857693582040983,0.007861816211006331,0.006808834293165085,-3.910104891200611e-05,0.0002744999245134914,0.00010628592116667529,0.001830252454601698
464,464,464,463,970.7613016268537,0.00027865403730614746,0.0001857693582040983,0.007861816211006331,0.006808834293165085,-3.910104891200611e-05,0.0002744999245134914,0.00010628592116667529,0.001830252454601698
465,465,465,465,970.7613015683974,0.00027865288817446876,0.0001857685921163125,0.007861858580082036,0.006808862045027014,-3.9098390272364336e-05,0.00027450353580098994,0.00010629206839479766,0.0018302569962141985
466,466,466,465,970.7613015683974,0.00027865288817446876,0.0001857685921163125,0.007861858580082036,0.006808862045027014,-3.9098390272364336e-05,0.00027450353580098994,0.00010629206839479766,0.0018302569962141985
467,467,467,467,970.7613015189734,0.00027865417992900543,0.00018576945328600364,0.007861815371763234,0.0068088330205621364,-3.910093742695575e-05,0.0002744996863861419,0.00010628595496228743,0.001830252846719825
468,468,468,467,970.7613015189734,0.00027865417992900543,0.00018576945328600364,0.007861815371763234,0.0068088330205621364,-3.910093742695575e-05,0.0002744996863861419,0.00010628595496228743,0.001830252846719825
469,469,469,469,970.7613014626722,0.0002786532640667305,0.00018576884271115368,0.007861864795420224,0.006808861044636613,-3.9098355739133894e-05,0.0002745036653409283,0.00010629220073464507,0.0018302578221104594
470,470,470,469,970.7613014626722,0.0002786532640667305,0.00018576884271115368,0.007861864795420224,0.006808861044636613,-3.9098355739133894e-05,0.0002745036653409283,0.00010629220073464507,0.0018302578221104594
471,471,471,471,970.7613014125901,0.00027865446514374614,0.00018576964342916408,0.007861798332855314,0.006808823642339486,-3.910106937330543e-05,0.00027449984278850054,0.00010628594975917866,0.0018302537145644421
472,472,472,471,970.7613014125901,0.00027865446514374614,0.00018576964342916408,0.007861798332855314,0.006808823642339486,-3.910106937330543e-05,0.00027449984278850054,0.00010628594975917866,0.0018302537145644421
473,473,473,473,970.7613013551263,0.0002786531856777963,0.00018576879045186417,0.007861864387928042,0.006808861355832641,-3.9098441722812405e-05,0.000274503658521978,0.00010629211421991219,0.0018302579599091778
474,474,474,473,970.7613013551263,0.0002786531856777963,0.00018576879045186417,0.007861864387928042,0.006808861355832641,-3.9098441722812405e-05,0.000274503658521978,0.00010629211421991219,0.0018302579599091778
475,475,475,475,970.7613013069126,0.0002786546368852283,0.00018576975792348555,0.007861819853807055,0.0068088384632760965,-3.910103469460802e-05,0.0002744997706469063,0.00010628578442174741,0.0018302546130968722
476,476,476,475,970.7613013069126,0.0002786546368852283,0.00018576975792348555,0.007861819853807055,0.0068088384632760965,-3.910103469460802e-05,0.0002744997706469063,0.00010628578442174741,0.0018302546130968722
477,477,477,477,970.7613012476465,0.00027865319996847604,0.00018576879997898404,0.00786185875556667,0.006808859228011031,-3.909850945469501e-05,0.00027450366652187946,0.00010629214424520694,0.0018302579564180022
478,478,478,477,970.7613012476465,0.00027865319996847604,0.00018576879997898404,0.00786185875556667,0.006808859228011031,-3.909850945469501e-05,0.00027450366652187946,0.00010629214424520694,0.0018302579564180022
479,479,479,479,970.7613011991359,0.0002786541198994408,0.00018576941326629387,0.007861803335016336,0.006808827168540973,-3.910123290894879e-05,0.0002744998260096437,0.0001062859445614614,0.0018302530316499435
480,480,480,479,970.7613011991359,0.0002786541198994408,0.00018576941326629387,0.007861803335016336,0.006808827168540973,-3.910123290894879e-05,0.0002744998260096437,0.0001062859445614614,0.0018302530316499435
481,481,481,481,970.761301140037,0.0002786529692252182,0.00018576864615014546,0.007861871827217044,0.006808866592437082,-3.909854216515435e-05,0.0002745034743811415,0.00010629205614303555,0.0018302573807431038
482,482,482,481,970.761301140037,0.0002786529692252182,0.00018576864615014546,0.007861871827217044,0.006808866592437082,-3.909854216515435e-05,0.0002745034743811415,0.00010629205614303555,0.0018302573807431038
483,483,483,483,970.7613010920761,0.000278654193351352,0.00018576946223423466,0.007861809978337193,0.006808832252999195,-3.910105216234361e-05,0.00027449978903979573,0.00010628578893753099,0.0018302532397473036
484,484,484,483,970.7613010920761,0.000278654193351352,0.00018576946223423466,0.007861809978337193,0.006808832252999195,-3.910105216234361e-05,0.00027449978903979573,0.00010628578893753099,0.0018302532397473036
485,485,485,485,970.7613010346136,0.0002786528504791219,0.0001857685669860813,0.007861859156352466,0.0068088602914283015,-3.909852807230246e-05,0.00027450364619403177,0.00010629210928871091,0.0018302577599667441
486,486,486,485,970.7613010346136,0.0002786528504791219,0.0001857685669860813,0.007861859156352466,0.0068088602914283015,-3.909852807230246e-05,0.00027450364619403177,0.00010629210928871091,0.0018302577599667441
487,487,487,487,970.761300986273,0.00027865364922885494,0.00018576909948590328,0.007861814767337607,0.0068088354909755,-3.910114370592882e-05,0.0002744996128168568,0.00010628579992049553,0.001830252495738676
488,488,488,487,970.761300986273,0.00027865364922885494,0.00018576909948590328,0.007861814767337607,0.0068088354909755,-3.910114370592882e-05,0.0002744996128168568,0.00010628579992049553,0.001830252495738676
489,489,489,489,970.7613009271912,0.00027865250073130787,0.0001857683338208719,0.007861862683801958,0.0068088636445032755,-3.909852917029916e-05,0.00027450361094304767,0.00010629203417134025,0.001830256689485095
490,490,490,489,970.7613009271912,0.00027865250073130787,0.0001857683338208719,0.007861862683801958,0.0068088636445032755,-3.909852917029916e-05,0.00027450361094304767,0.00010629203417134025,0.001830256689485095
491,491,491,491,970.7613008775688,0.0002786539237265018,0.0001857692824843345,0.007861809097824371,0.00680883201348454,-3.910120038467385e-05,0.0002744997749394751,0.00010628591793846592,0.0018302533496110296
492,492,492,491,970.7613008775688,0.0002786539237265018,0.0001857692824843345,0.007861809097824371,0.00680883201348454,-3.910120038467385e-05,0.0002744997749394751,0.00010628591793846592,0.0018302533496110296
493,493,493,493,970.7613008220735,0.00027865216417991,0.00018576810945327332,0.007861857956783052,0.006808862959918421,-3.909856419584412e-05,0.00027450316465775954,0.00010629211060163984,0.0018302566566190239
494,494,494,493,970.7613008220735,0.00027865216417991,0.00018576810945327332,0.007861857956783052,0.006808862959918421,-3.909856419584412e-05,0.00027450316465775954,0.00010629211060163984,0.0018302566566190239
495,495,495,495,970.7613007731952,0.00027865385112385566,0.00018576923408257043,0.00786179636986545,0.006808824428656593,-3.910119753293417e-05,0.0002744998336043142,0.00010628576710713933,0.0018302535279845795
496,496,496,495,970.7613007731952,0.00027865385112385566,0.00018576923408257043,0.00786179636986545,0.006808824428656593,-3.910119753293417e-05,0.0002744998336043142,0.00010628576710713933,0.0018302535279845795
497,497,497,497,970.7613007158412,0.0002786520599261655,0.000185768039950777,0.007861855048929682,0.00680885961850559,-3.909860031222484e-05,0.00027450374715524354,0.00010629203134033399,0.001830256816167056
498,498,498,497,970.7613007158412,0.0002786520599261655,0.000185768039950777,0.007861855048929682,0.00680885961850559,-3.909860031222484e-05,0.00027450374715524354,0.00010629203134033399,0.001830256816167056
499,499,499,499,970.7613006717936,0.0002786506538112188,0.00018576710254081252,0.007861820475751536,0.006808840367622611,-3.9100277862823274e-05,0.0002744996074244907,0.00010628524552586116,0.001830246775091685
500,500,500,499,970.7613006717936,0.0002786506538112188,0.00018576710254081252,0.007861820475751536,0.006808840367622611,-3.9100277862823274e-05,0.0002744996074244907,0.00010628524552586116,0.001830246775091685
501,501,501,501,970.7613006130356,0.0002786538723590082,0.0001857692482393388,0.007861863445906779,0.006808862259998279,-3.909845062086137e-05,0.0002745037092493984,0.00010629190236881303,0.0018302599138368503
502,502,502,501,970.7613006130356,0.0002786538723590082,0.0001857692482393388,0.007861863445906779,0.006808862259998279,-3.909845062086137e-05,0.0002745037092493984,0.00010629190236881303,0.0018302599138368503
503,503,503,503,970.7613005636385,0.0002786544148447867,0.00018576960989652447,0.0078618005575369,0.006808825966856367,-3.910121909408287e-05,0.0002744995156741709,0.00010628579315197229,0.0018302544722106405
504,504,504,503,970.7613005636385,0.0002786544148447867,0.00018576960989652447,0.0078618005575369,0.006808825966856367,-3.910121909408287e-05,0.0002744995156741709,0.00010628579315197229,0.0018302544722106405
505,505,505,505,970.7613005067028,0.0002786527619368373,0.00018576850795789152,0.007861859514641018,0.00680886147586812,-3.9098582296927253e-05,0.00027450367903747485,0.00010629201737885619,0.0018302585541863313
506,506,506,505,970.7613005067028,0.0002786527619368373,0.00018576850795789152,0.007861859514641018,0.00680886147586812,-3.9098582296927253e-05,0.00027450367903747485,0.00010629201737885619,0.0018302585541863313
507,507,507,507,970.7613004578768,0.0002786536563524067,0.00018576910423493778,0.007861792951596254,0.0068088219712863565,-3.910127094271243e-05,0.0002744994267489313,0.0001062857415370308,0.0018302530676588507
508,508,508,507,970.7613004578768,0.0002786536563524067,0.00018576910423493778,0.007861792951596254,0.0068088219712863565,-3.910127094271243e-05,0.0002744994267489313,0.0001062857415370308,0.0018302530676588507
509,509,509,509,970.7613004002566,0.0002786525049860711,0.0001857683366573807,0.00786185388060319,0.006808860502469307,-3.909853179561579e-05,0.00027450381923204293,0.00010629196274401786,0.0018302585872180149
510,510,510,509,970.7613004002566,0.0002786525049860711,0.0001857683366573807,0.00786185388060319,0.006808860502469307,-3.909853179561579e-05,0.00027450381923204293,0.00010629196274401786,0.0018302585872180149
511,511,511,511,970.7613003521013,0.0002786536238191806,0.0001857690825461204,0.007861794191086574,0.006808822220848585,-3.9101274693753574e-05,0.00027449933201276574,0.00010628570981754959,0.0018302530662651067
512,512,512,511,970.7613003521013,0.0002786536238191806,0.0001857690825461204,0.007861794191086574,0.006808822220848585,-3.9101274693753574e-05,0.00027449933201276574,0.00010628570981754959,0.0018302530662651067
513,513,513,513,970.7613002942433,0.00027865259677112286,0.00018576839784741522,0.0078618596374652,0.00680886021321683,-3.909864473541913e-05,0.0002745035798564862,0.0001062919247257002,0.0018302582416407412
514,514,514,513,970.7613002942433,0.00027865259677112286,0.00018576839784741522,0.0078618596374652,0.00680886021321683,-3.909864473541913e-05,0.0002745035798564862,0.0001062919247257002,0.0018302582416407412
515,515,515,515,970.7613002476655,0.0002786538002189365,0.00018576920014595766,0.007861809460721575,0.006808834217884694,-3.910086784461586e-05,0.0002745002607338926,0.00010628545509557691,0.0018302557998589664
516,516,516,515,970.7613002476655,0.0002786538002189365,0.00018576920014595766,0.007861809460721575,0.006808834217884694,-3.910086784461586e-05,0.0002745002607338926,0.00010628545509557691,0.0018302557998589664
517,517,517,517,970.7613001916546,0.0002786541461307912,0.0001857694307538608,0.007861855997843403,0.006808862194573978,-3.9098570850687464e-05,0.00027450392481595987,0.00010629195029670385,0.0018302614916213692
518,518,518,517,970.7613001916546,0.0002786541461307912,0.0001857694307538608,0.007861855997843403,0.006808862194573978,-3.9098570850687464e-05,0.00027450392481595987,0.00010629195029670385,0.0018302614916213692
519,519,519,519,970.7613001417287,0.00027865432276108493,0.00018576954850738997,0.007861791466992606,0.006808824918848299,-3.910129902703896e-05,0.0002745000298276085,0.00010628575887564051,0.0018302556943470896
520,520,520,519,970.7613001417287,0.00027865432276108493,0.00018576954850738997,0.007861791466992606,0.006808824918848299,-3.910129902703896e-05,0.0002745000298276085,0.00010628575887564051,0.0018302556943470896
521,521,521,521,970.7613000844196,0.00027865343297639455,0.00018576895531759635,0.00786186063979077,0.006808864009572608,-3.9098754462958685e-05,0.0002745038492465183,0.00010629199340765616,0.0018302607377052656
522,522,522,521,970.7613000844196,0.00027865343297639455,0.00018576895531759635,0.00786186063979077,0.006808864009572608,-3.9098754462958685e-05,0.0002745038492465183,0.00010629199340765616,0.0018302607377052656
523,523,523,523,970.7613000358227,0.00027865432729887174,0.00018576955153258118,0.00786179838946915,0.006808825889798202,-3.910135072766191e-05,0.00027449988468912143,0.00010628561216945165,0.0018302559946367192
524,524,524,523,970.7613000358227,0.00027865432729887174,0.00018576955153258118,0.00786179838946915,0.006808825889798202,-3.910135072766191e-05,0.00027449988468912143,0.00010628561216945165,0.0018302559946367192
525,525,525,525,970.7612999778751,0.00027865299284346445,0.00018576866189564295,0.007861860692744254,0.006808862591546453,-3.909879019448059e-05,0.00027450369315933993,0.00010629195276885134,0.0018302599550290978
526,526,526,525,970.7612999778751,0.00027865299284346445,0.00018576866189564295,0.007861860692744254,0.006808862591546453,-3.909879019448059e-05,0.00027450369315933993,0.00010629195276885134,0.0018302599550290978
527,527,527,527,970.7612999282766,0.0002786539064288107,0.00018576927095254048,0.007861813228357547,0.0068088356689915055,-3.910151402220646e-05,0.00027449983632251557,0.0001062858085460125,0.0018302549300297753
528,528,528,527,970.7612999282766,0.0002786539064288107,0.00018576927095254048,0.007861813228357547,0.0068088356689915055,-3.910151402220646e-05,0.00027449983632251557,0.0001062858085460125,0.0018302549300297753
529,529,529,529,970.7612998716003,0.0002786524953126146,0.00018576833020840974,0.007861862672286064,0.0068088616876962734,-3.909883782277773e-05,0.00027450358894031925,0.00010629199517551285,0.0018302591505823095
530,530,530,529,970.7612998716003,0.0002786524953126146,0.00018576833020840974,0.007861862672286064,0.0068088616876962734,-3.909883782277773e-05,0.00027450358894031925,0.00010629199517551285,0.0018302591505823095
531,531,531,531,970.7612998241106,0.0002786544373140354,0.0001857696248760236,0.007861811018801445,0.006808834408911612,-3.9101494297692774e-05,0.0002744997922319178,0.00010628569019838913,0.0018302556170035598
532,532,532,531,970.7612998241106,0.0002786544373140354,0.0001857696248760236,0.007861811018801445,0.006808834408911612,-3.9101494297692774e-05,0.0002744997922319178,0.00010628569019838913,0.0018302556170035598
533,533,533,533,970.7612997654505,0.0002786523208373748,0.00018576821389158318,0.007861868444275362,0.006808862155909869,-3.9098749113820885e-05,0.0002745034628105438,0.00010629181294549012,0.001830258454693306
534,534,534,533,970.7612997654505,0.0002786523208373748,0.00018576821389158318,0.007861868444275362,0.006808862155909869,-3.9098749113820885e-05,0.0002745034628105438,0.00010629181294549012,0.001830258454693306
535,535,535,535,970.7612997167603,0.0002786534909820504,0.0001857689939880336,0.00786180214565055,0.006808823593404844,-3.9101514544517824e-05,0.00027449938065086086,0.00010628567776997666,0.001830253496477432
536,536,536,535,970.7612997167603,0.0002786534909820504,0.0001857689939880336,0.00786180214565055,0.006808823593404844,-3.9101514544517824e-05,0.00027449938065086086,0.00010628567776997666,0.001830253496477432
537,537,537,537,970.7612996598759,0.00027865186158612665,0.00018576790772408444,0.007861874593235308,0.006808872580083146,-3.9098649663081575e-05,0.00027450335151211385,0.00010629137849826192,0.0018302585690748922
538,538,538,537,970.7612996598759,0.00027865186158612665,0.00018576790772408444,0.007861874593235308,0.006808872580083146,-3.9098649663081575e-05,0.00027450335151211385,0.00010629137849826192,0.0018302585690748922
539,539,539,539,970.7612996113818,0.0002786533281886605,0.00018576888545910702,0.007861794124829229,0.006808823546939283,-3.910138555780068e-05,0.00027449979247869724,0.00010628561968329536,0.0018302541902478296
540,540,540,539,970.7612996113818,0.0002786533281886605,0.00018576888545910702,0.007861794124829229,0.006808823546939283,-3.910138555780068e-05,0.00027449979247869724,0.00010628561968329536,0.0018302541902478296
541,541,541,541,970.7612995555595,0.00027865160889586904,0.00018576773926391268,0.007861850735739079,0.0068088596628851136,-3.909890389092868e-05,0.00027450376920313863,0.00010629198873258333,0.0018302581899642336
542,542,542,541,970.7612995555595,0.00027865160889586904,0.00018576773926391268,0.007861850735739079,0.0068088596628851136,-3.909890389092868e-05,0.00027450376920313863,0.00010629198873258333,0.0018302581899642336
543,543,543,543,970.7612995065494,0.0002786533655738943,0.0001857689103825962,0.007861811291653604,0.006808835913847964,-3.9101505613994836e-05,0.00027450010589357354,0.00010628558704005309,0.0018302546612960098
544,544,544,543,970.7612995065494,0.0002786533655738943,0.0001857689103825962,0.007861811291653604,0.006808835913847964,-3.9101505613994836e-05,0.00027450010589357354,0.00010628558704005309,0.0018302546612960098
545,545,545,545,970.7612994498073,0.0002786520426126815,0.00018576802840845435,0.007861877220954184,0.006808873336475013,-3.9098601081297146e-05,0.0002745036485477642,0.00010629170203281524,0.001830259099826666
546,546,546,545,970.7612994498073,0.0002786520426126815,0.00018576802840845435,0.007861877220954184,0.006808873336475013,-3.9098601081297146e-05,0.0002745036485477642,0.00010629170203281524,0.001830259099826666
547,547,547,547,970.7612994009228,0.00027865393926249094,0.0001857692928416606,0.007861795469868286,0.006808824444535614,-3.9101470911941105e-05,0.00027449988984025876,0.00010628565590032474,0.0018302557220452554
548,548,548,547,970.7612994009228,0.00027865393926249094,0.0001857692928416606,0.007861795469868286,0.006808824444535614,-3.9101470911941105e-05,0.00027449988984025876,0.00010628565590032474,0.0018302557220452554
549,549,549,549,970.7612993479211,0.0002786494429879993,0.0001857662953253329,0.007861881002643165,0.006808877375152383,-3.909818884444832e-05,0.0002745034036092221,0.00010629133723241702,0.001830255847356682
550,550,550,549,970.7612993479211,0.0002786494429879993,0.0001857662953253329,0.007861881002643165,0.006808877375152383,-3.909818884444832e-05,0.0002745034036092221,0.00010629133723241702,0.001830255847356682
551,551,551,551,970.7612992988632,0.00027865353312220287,0.0001857690220814686,0.00786180713843445,0.0068088310974568945,-3.9101425624354924e-05,0.00027449965061676293,0.00010628547912964331,0.0018302548784459465
552,552,552,551,970.7612992988632,0.00027865353312220287,0.0001857690220814686,0.00786180713843445,0.0068088310974568945,-3.9101425624354924e-05,0.00027449965061676293,0.00010628547912964331,0.0018302548784459465
553,553,553,553,970.7612992410559,0.0002786520206588261,0.00018576801377255075,0.007861854703889818,0.006808860700261001,-3.9098851406245416e-05,0.00027450371667689323,0.00010629182304518203,0.0018302580268744254
554,554,554,553,970.7612992410559,0.0002786520206588261,0.00018576801377255075,0.007861854703889818,0.006808860700261001,-3.9098851406245416e-05,0.00027450371667689323,0.00010629182304518203,0.0018302580268744254
555,555,555,555,970.761299193132,0.000278653733916695,0.00018576915594446336,0.00786179391853571,0.0068088238346748495,-3.9101524312371017e-05,0.00027449972512133265,0.00010628546498882979,0.0018302543130259046
556,556,556,555,970.761299193132,0.000278653733916695,0.00018576915594446336,0.00786179391853571,0.0068088238346748495,-3.9101524312371017e-05,0.00027449972512133265,0.00010628546498882979,0.0018302543130259046
557,557,557,557,970.7612991343487,0.000278652231388149,0.00018576815425876597,0.007861858178752386,0.006808863524309986,-3.9098878358310996e-05,0.0002745036760005232,0.00010629171536741949,0.0018302585202560843
558,558,558,557,970.7612991343487,0.000278652231388149,0.00018576815425876597,0.007861858178752386,0.006808863524309986,-3.9098878358310996e-05,0.0002745036760005232,0.00010629171536741949,0.0018302585202560843
559,559,559,559,970.7612990899811,0.00027865034473248396,0.00018576689648832262,0.007861818799383158,0.006808841114039463,-3.9100778842685036e-05,0.00027449956305946016,0.00010628494311915732,0.0018302507527749026
560,560,560,559,970.7612990899811,0.00027865034473248396,0.00018576689648832262,0.007861818799383158,0.006808841114039463,-3.9100778842685036e-05,0.00027449956305946016,0.00010628494311915732,0.0018302507527749026
561,561,561,561,970.7612990336306,0.00027865316704231424,0.0001857687780282095,0.007861859559779591,0.006808861863868179,-3.9098901786528695e-05,0.0002745037566041202,0.0001062917941151778,0.0018302599711912974
562,562,562,561,970.7612990336306,0.00027865316704231424,0.0001857687780282095,0.007861859559779591,0.006808861863868179,-3.9098901786528695e-05,0.0002745037566041202,0.0001062917941151778,0.0018302599711912974
563,563,563,563,970.7612989839483,0.0002786535118186606,0.00018576900787910708,0.007861805521860174,0.006808828326736533,-3.910144308988395e-05,0.0002744996885374273,0.00010628547804723831,0.0018302539570705782
564,564,564,563,970.7612989839483,0.0002786535118186606,0.00018576900787910708,0.007861805521860174,0.006808828326736533,-3.910144308988395e-05,0.0002744996885374273,0.00010628547804723831,0.0018302539570705782
565,565,565,565,970.761298928129,0.00027865146319711043,0.00018576764213140695,0.007861874776984643,0.006808872531756362,-3.909848769353963e-05,0.00027450407223530277,0.00010629152661174174,0.0018302579098058267
566,566,566,565,970.761298928129,0.00027865146319711043,0.00018576764213140695,0.007861874776984643,0.006808872531756362,-3.909848769353963e-05,0.00027450407223530277,0.00010629152661174174,0.0018302579098058267
567,567,567,567,970.7612988798119,0.00027865334002102893,0.00018576889334735264,0.007861813129479976,0.0068088378211871746,-3.910163245201409e-05,0.0002744997340712722,0.00010628552940480235,0.001830254589456117
568,568,568,567,970.7612988798119,0.00027865334002102893,0.00018576889334735264,0.007861813129479976,0.0068088378211871746,-3.910163245201409e-05,0.0002744997340712722,0.00010628552940480235,0.001830254589456117
569,569,569,569,970.7612988217795,0.0002786522138781,0.00018576814258540003,0.007861859171705492,0.006808862677096001,-3.9098991037926634e-05,0.00027450370071329934,0.00010629170533005272,0.0018302586749244412
570,570,570,569,970.7612988217795,0.0002786522138781,0.00018576814258540003,0.007861859171705492,0.006808862677096001,-3.9098991037926634e-05,0.00027450370071329934,0.00010629170533005272,0.0018302586749244412
571,571,571,571,970.7612987749754,0.0002786528245908859,0.00018576854972725726,0.007861812203358166,0.006808838247613053,-3.910128267230889e-05,0.00027449982100470215,0.00010628534006340562,0.0018302535916903512
572,572,572,571,970.7612987749754,0.0002786528245908859,0.00018576854972725726,0.007861812203358166,0.006808838247613053,-3.910128267230889e-05,0.00027449982100470215,0.00010628534006340562,0.0018302535916903512
573,573,573,573,970.7612987164634,0.00027865236595112086,0.00018576824396741393,0.007861859052073492,0.006808862317162126,-3.909892904795098e-05,0.000274503645596465,0.0001062916815195783,0.0018302588129154311
574,574,574,573,970.7612987164634,0.00027865236595112086,0.00018576824396741393,0.007861859052073492,0.006808862317162126,-3.909892904795098e-05,0.000274503645596465,0.0001062916815195783,0.0018302588129154311
575,575,575,575,970.7612986698505,0.00027865308331095906,0.00018576872220730606,0.007861814007971424,0.006808839152643449,-3.9101195527038723e-05,0.0002744996247064647,0.00010628515804346483,0.001830252708354132
576,576,576,575,970.7612986698505,0.00027865308331095906,0.00018576872220730606,0.007861814007971424,0.006808839152643449,-3.9101195527038723e-05,0.0002744996247064647,0.00010628515804346483,0.001830252708354132
577,577,577,577,970.7612986141233,0.0002786525215574265,0.000185768347704951,0.007861857964368826,0.0068088632595801266,-3.9098849114869993e-05,0.0002745037808229895,0.00010629172132931713,0.0018302597489821076
578,578,578,577,970.7612986141233,0.0002786525215574265,0.000185768347704951,0.007861857964368826,0.0068088632595801266,-3.9098849114869993e-05,0.0002745037808229895,0.00010629172132931713,0.0018302597489821076
579,579,579,579,970.7612985643544,0.0002786537455557736,0.00018576916370384908,0.007861796920978594,0.006808826941442766,-3.91015893162483e-05,0.00027449987422495365,0.00010628545382615484,0.0018302555700544986
580,580,580,579,970.7612985643544,0.0002786537455557736,0.00018576916370384908,0.007861796920978594,0.006808826941442766,-3.91015893162483e-05,0.00027449987422495365,0.00010628545382615484,0.0018302555700544986
581,581,581,581,970.7612985082106,0.000278652261268747,0.00018576817417916464,0.0078618586717622,0.006808862667987335,-3.9099029300153354e-05,0.00027450373499323744,0.00010629174599369184,0.0018302593821461761
582,582,582,581,970.7612985082106,0.000278652261268747,0.00018576817417916464,0.0078618586717622,0.006808862667987335,-3.9099029300153354e-05,0.00027450373499323744,0.00010629174599369184,0.0018302593821461761
583,583,583,583,970.7612984591847,0.00027865330624540774,0.00018576887083027183,0.007861808529291131,0.006808832791705348,-3.91017235987709e-05,0.00027449973859516576,0.00010628544125710487,0.0018302544245137604
584,584,584,583,970.7612984591847,0.00027865330624540774,0.00018576887083027183,0.007861808529291131,0.006808832791705348,-3.91017235987709e-05,0.00027449973859516576,0.00010628544125710487,0.0018302544245137604
585,585,585,585,970.7612984017895,0.00027865178847089056,0.0001857678589805937,0.007861859187857865,0.0068088621179797715,-3.909911191754545e-05,0.00027450359400137104,0.0001062917117403625,0.001830258340183339
586,586,586,585,970.7612984017895,0.00027865178847089056,0.0001857678589805937,0.007861859187857865,0.0068088621179797715,-3.909911191754545e-05,0.00027450359400137104,0.0001062917117403625,0.001830258340183339
587,587,587,587,970.7612983533379,0.00027865355388637103,0.00018576903592424737,0.007861795165219428,0.00680882602785045,-3.9101742455145694e-05,0.0002744998829427121,0.00010628545331587552,0.0018302551855790146
588,588,588,587,970.7612983533379,0.00027865355388637103,0.00018576903592424737,0.007861795165219428,0.00680882602785045,-3.9101742455145694e-05,0.0002744998829427121,0.00010628545331587552,0.0018302551855790146
589,589,589,589,970.7612982972157,0.00027865211496333475,0.00018576807664222317,0.007861878863924806,0.006808875990355567,-3.909889919293669e-05,0.00027450340460731754,0.00010629150750408878,0.0018302592407418309
590,590,590,589,970.7612982972157,0.00027865211496333475,0.00018576807664222317,0.007861878863924806,0.006808875990355567,-3.909889919293669e-05,0.00027450340460731754,0.00010629150750408878,0.0018302592407418309
591,591,591,591,970.7612982489784,0.00027865331180690345,0.00018576887453793561,0.007861793295012081,0.0068088234196657885,-3.9101734063816396e-05,0.00027449979361163544,0.00010628544260787853,0.0018302542154735118
592,592,592,591,970.7612982489784,0.00027865331180690345,0.00018576887453793561,0.007861793295012081,0.0068088234196657885,-3.9101734063816396e-05,0.00027449979361163544,0.00010628544260787853,0.0018302542154735118
593,593,593,593,970.7612981928055,0.0002786517697211943,0.0001857678464807962,0.00786185890773526,0.0068088620364542655,-3.909917338443952e-05,0.00027450356568243156,0.0001062917097554919,0.0018302580877581536
594,594,594,593,970.7612981928055,0.0002786517697211943,0.0001857678464807962,0.00786185890773526,0.0068088620364542655,-3.909917338443952e-05,0.00027450356568243156,0.0001062917097554919,0.0018302580877581536
595,595,595,595,970.7612981441853,0.0002786534720285172,0.00018576898135234482,0.007861795806480665,0.006808826646647434,-3.9101894256279857e-05,0.00027449986196811184,0.00010628542814680036,0.0018302548197181093
596,596,596,595,970.7612981441853,0.0002786534720285172,0.00018576898135234482,0.007861795806480665,0.006808826646647434,-3.9101894256279857e-05,0.00027449986196811184,0.00010628542814680036,0.0018302548197181093
597,597,597,597,970.7612980876395,0.00027865196647497426,0.00018576797764998282,0.007861897325840616,0.006808883152552242,-3.909858779933828e-05,0.0002745029999445729,0.00010629104713226478,0.0018302580241846159
598,598,598,597,970.7612980876395,0.00027865196647497426,0.00018576797764998282,0.007861897325840616,0.006808883152552242,-3.909858779933828e-05,0.0002745029999445729,0.00010629104713226478,0.0018302580241846159
599,599,599,599,970.7612980420106,0.0002786519379672503,0.00018576795864483353,0.00786180815184884,0.006808838296194846,-3.910089995792787e-05,0.0002744998572959202,0.0001062850181598185,0.0018302526898156734
