phase,nf,x_index,incumbent_index,active_objective,full_objective,incumbent_active_objective,incumbent_full_objective,active_residuals,active_circuits,new_residuals_revealed,new_circuits_revealed,union_residuals_revealed,union_circuits_revealed,cumulative_eval_residuals,cumulative_eval_circuits,cumulative_shots_revealed,cumulative_eval_shots,shots_per_circuit,fpr_enabled,fpr_use_union_mask,fpr_selected_residuals,fpr_selected_circuits,fpr_new_residuals,fpr_new_circuits,fpr_union_residuals,fpr_union_circuits,delta,ng,rho,rho_active,rho_full,rho_uses_full_objective,mdec,step_norm,accepted
initial,0,0,0,126178.57956411636,126178.57956411636,126178.57956411636,126178.57956411636,3836,1918,3836,1918,3836,1918,3836,1918,959000.0,959000.0,500.0,False,True,3836,1918,3836,1918,3836,1918,0.1,,,,,False,,,True
trial,1,1,1,57855.113447803225,57855.113447803225,57855.113447803225,57855.113447803225,3836,1918,0,0,3836,1918,7672,3836,959000.0,1918000.0,500.0,False,True,3836,1918,0,0,3836,1918,0.1,606393.3066177816,21.255835831192197,21.255835831192197,21.255835831192197,False,-3214.3391894310184,0.09999801289149522,True
trial,2,2,1,93455.19023741173,93455.19023741173,57855.113447803225,57855.113447803225,3836,1918,0,0,3836,1918,11508,5754,959000.0,2877000.0,500.0,False,True,3836,1918,0,0,3836,1918,0.2,348708.09402003034,-0.7637635275091967,-0.7637635275091967,-0.7637635275091967,False,-46611.38625682782,0.1999946070378874,False
trial,3,3,1,62931.43135642522,62931.43135642522,57855.113447803225,57855.113447803225,3836,1918,0,0,3836,1918,15344,7672,959000.0,3836000.0,500.0,False,True,3836,1918,0,0,3836,1918,0.1,348708.09402003034,-0.10905693578073511,-0.10905693578073511,-0.10905693578073511,False,-46547.41005036314,0.1,False
trial,4,4,4,24912.556060130322,24912.556060130322,24912.556060130322,24912.556060130322,3836,1918,0,0,3836,1918,19180,9590,959000.0,4795000.0,500.0,False,True,3836,1918,0,0,3836,1918,0.05,348708.09402003034,0.7396374173288427,0.7396374173288427,0.7396374173288427,False,-44538.792408100475,0.05,True
trial,5,5,4,93589.8626202535,93589.8626202535,24912.556060130322,24912.556060130322,3836,1918,0,0,3836,1918,23016,11508,959000.0,5754000.0,500.0,False,True,3836,1918,0,0,3836,1918,0.1,659356.8587129125,-3.8476154270722667,-3.8476154270722667,-3.8476154270722667,False,-17849.31676822525,0.1,False
trial,6,6,4,40765.60018678155,40765.60018678155,24912.556060130322,24912.556060130322,3836,1918,0,0,3836,1918,26852,13426,959000.0,6713000.0,500.0,False,True,3836,1918,0,0,3836,1918,0.05,659356.8587129125,-0.9010712587524623,-0.9010712587524623,-0.9010712587524623,False,-17593.552088876797,0.05,False
trial,7,7,7,15924.719830163882,15924.719830163882,15924.719830163882,15924.719830163882,3836,1918,0,0,3836,1918,30688,15344,959000.0,7672000.0,500.0,False,True,3836,1918,0,0,3836,1918,0.025,659356.8587129125,0.569453519102267,0.569453519102267,0.569453519102267,False,-15783.265760014265,0.025,True
trial,8,8,7,17579.517857390783,17579.517857390783,15924.719830163882,15924.719830163882,3836,1918,0,0,3836,1918,34524,17262,959000.0,8631000.0,500.0,False,True,3836,1918,0,0,3836,1918,0.05,348685.1975840863,-0.11966736494998616,-0.11966736494998616,-0.11966736494998616,False,-13828.31507920734,0.05,False
trial,9,9,9,4744.977044654614,4744.977044654614,4744.977044654614,4744.977044654614,3836,1918,0,0,3836,1918,38360,19180,959000.0,9590000.0,500.0,False,True,3836,1918,0,0,3836,1918,0.025,348685.1975840863,0.8107574328007634,0.8107574328007634,0.8107574328007634,False,-13789.25722196443,0.025,True
trial,10,10,9,19184.25204474866,19184.25204474866,4744.977044654614,4744.977044654614,3836,1918,0,0,3836,1918,42196,21098,959000.0,10549000.0,500.0,False,True,3836,1918,0,0,3836,1918,0.05,374531.7060742792,-4.785966203564948,-4.785966203564948,-4.785966203564948,False,-3017.0031266285555,0.05,False
trial,11,11,9,6860.958523026526,6860.958523026526,4744.977044654614,4744.977044654614,3836,1918,0,0,3836,1918,46032,23016,959000.0,11508000.0,500.0,False,True,3836,1918,0,0,3836,1918,0.025,374531.7060742792,-0.7020278494077815,-0.7020278494077815,-0.7020278494077815,False,-3014.099056265243,0.025,False
trial,12,12,12,2394.02577251182,2394.02577251182,2394.02577251182,2394.02577251182,3836,1918,0,0,3836,1918,49868,24934,959000.0,12467000.0,500.0,False,True,3836,1918,0,0,3836,1918,0.0125,374531.7060742792,0.7917735766362863,0.7917735766362863,0.7917735766362863,False,-2969.221683464615,0.0125,True
trial,13,13,12,3858.538184920777,3858.538184920777,2394.02577251182,2394.02577251182,3836,1918,0,0,3836,1918,53704,26852,959000.0,13426000.0,500.0,False,True,3836,1918,0,0,3836,1918,0.025,88315.94677045819,-1.0045736339022766,-1.0045736339022766,-1.0045736339022766,False,-1457.844764171287,0.025,False
trial,14,14,14,1511.5989859536778,1511.5989859536778,1511.5989859536778,1511.5989859536778,3836,1918,0,0,3836,1918,57540,28770,959000.0,14385000.0,500.0,False,True,3836,1918,0,0,3836,1918,0.0125,88315.94677045819,0.6351889538523852,0.6351889538523852,0.6351889538523852,False,-1389.235094858425,0.0125,True
trial,15,15,14,5298.176538183285,5298.176538183285,1511.5989859536778,1511.5989859536778,3836,1918,0,0,3836,1918,61376,30688,959000.0,15344000.0,500.0,False,True,3836,1918,0,0,3836,1918,0.025,59334.98137207252,-6.376621199663806,-6.376621199663806,-6.376621199663806,False,-593.8219369890196,0.025,False
trial,16,16,14,1613.4791489777353,1613.4791489777353,1511.5989859536778,1511.5989859536778,3836,1918,0,0,3836,1918,65212,32606,959000.0,16303000.0,500.0,False,True,3836,1918,0,0,3836,1918,0.0125,59334.98137207252,-0.17238845985719106,-0.17238845985719106,-0.17238845985719106,False,-590.9917816335063,0.0125,False
trial,17,17,17,1011.643747065888,1011.643747065888,1011.643747065888,1011.643747065888,3836,1918,0,0,3836,1918,69048,34524,959000.0,17262000.0,500.0,False,True,3836,1918,0,0,3836,1918,0.00625,59334.98137207252,0.8842861762014359,0.8842861762014359,0.8842861762014359,False,-565.3771961418772,0.00625,True
trial,18,18,17,1485.4551605536722,1485.4551605536722,1011.643747065888,1011.643747065888,3836,1918,0,0,3836,1918,72884,36442,959000.0,18221000.0,500.0,False,True,3836,1918,0,0,3836,1918,0.0125,20232.30538688977,-5.087696930865584,-5.087696930865584,-5.087696930865584,False,-93.12885966404711,0.0125,False
trial,19,19,17,1012.0908193151577,1012.0908193151577,1011.643747065888,1011.643747065888,3836,1918,0,0,3836,1918,76720,38360,959000.0,19180000.0,500.0,False,True,3836,1918,0,0,3836,1918,0.00625,20232.30538688977,-0.004923150517095766,-0.004923150517095766,-0.004923150517095766,False,-90.81019313084686,0.00625,False
trial,20,20,20,946.0330348307223,946.0330348307223,946.0330348307223,946.0330348307223,3836,1918,0,0,3836,1918,80556,40278,959000.0,20139000.0,500.0,False,True,3836,1918,0,0,3836,1918,0.003125,20232.30538688977,0.814042768790258,0.814042768790258,0.814042768790258,False,-80.59860581117772,0.003125,True
trial,21,21,20,1057.463168623104,1057.463168623104,946.0330348307223,946.0330348307223,3836,1918,0,0,3836,1918,84392,42196,959000.0,21098000.0,500.0,False,True,3836,1918,0,0,3836,1918,0.00625,8633.865953495257,-5.1431066574748225,-5.1431066574748225,-5.1431066574748225,False,-21.665919300046546,0.00625,False
trial,22,22,22,943.5586171834868,943.5586171834868,943.5586171834868,943.5586171834868,3836,1918,0,0,3836,1918,88228,44114,959000.0,22057000.0,500.0,False,True,3836,1918,0,0,3836,1918,0.003125,8633.865953495257,0.12118010197853918,0.12118010197853918,0.12118010197853918,False,-20.419339535410334,0.003125,True
trial,23,23,22,1019.0214953235026,1019.0214953235026,943.5586171834868,943.5586171834868,3836,1918,0,0,3836,1918,92064,46032,959000.0,23016000.0,500.0,False,True,3836,1918,0,0,3836,1918,0.00625,8332.666331623115,-3.392097226340293,-3.392097226340293,-3.392097226340293,False,-22.24667310654655,0.00625,False
trial,24,24,24,937.0636842042926,937.0636842042926,937.0636842042926,937.0636842042926,3836,1918,0,0,3836,1918,95900,47950,959000.0,23975000.0,500.0,False,True,3836,1918,0,0,3836,1918,0.003125,8332.666331623115,0.3222244722325218,0.3222244722325218,0.3222244722325218,False,-20.156547807167776,0.003125,True
trial,25,25,24,1033.4492930104286,1033.4492930104286,937.0636842042926,937.0636842042926,3836,1918,0,0,3836,1918,99736,49868,959000.0,24934000.0,500.0,False,True,3836,1918,0,0,3836,1918,0.00625,7578.310629073769,-7.183583967556655,-7.183583967556655,-7.183583967556655,False,-13.417482031454497,0.00625,False
trial,26,26,24,946.702729837,946.702729837,937.0636842042926,937.0636842042926,3836,1918,0,0,3836,1918,103572,51786,959000.0,25893000.0,500.0,False,True,3836,1918,0,0,3836,1918,0.003125,7578.310629073769,-0.7975427164561051,-0.7975427164561051,-0.7975427164561051,False,-12.085930237741572,0.003125,False
trial,27,27,27,928.5178982590722,928.5178982590722,928.5178982590722,928.5178982590722,3836,1918,0,0,3836,1918,107408,53704,959000.0,26852000.0,500.0,False,True,3836,1918,0,0,3836,1918,0.0015625,7578.310629073769,0.8050493145021322,0.8050493145021322,0.8050493145021322,False,-10.615232869933367,0.0015625,True
trial,28,28,27,941.2009565728497,941.2009565728497,928.5178982590722,928.5178982590722,3836,1918,0,0,3836,1918,111244,55622,959000.0,27811000.0,500.0,False,True,3836,1918,0,0,3836,1918,0.003125,2263.2145521241937,-4.119591876399144,-4.119591876399144,-4.119591876399144,False,-3.0787171871169594,0.003125,False
trial,29,29,27,929.0400497756078,929.0400497756078,928.5178982590722,928.5178982590722,3836,1918,0,0,3836,1918,115080,57540,959000.0,28770000.0,500.0,False,True,3836,1918,0,0,3836,1918,0.0015625,2263.2145521241937,-0.2555896671873308,-0.2555896671873308,-0.2555896671873308,False,-2.042928895685299,0.0015625,False
trial,30,30,30,927.857396747502,927.857396747502,927.857396747502,927.857396747502,3836,1918,0,0,3836,1918,118916,59458,959000.0,29729000.0,500.0,False,True,3836,1918,0,0,3836,1918,0.00078125,2263.2145521241937,0.49430662560137634,0.49430662560137634,0.49430662560137634,False,-1.3362182041697093,0.00078125,True
trial,31,31,30,929.7523707685461,929.7523707685461,927.857396747502,927.857396747502,3836,1918,0,0,3836,1918,122752,61376,959000.0,30688000.0,500.0,False,True,3836,1918,0,0,3836,1918,0.0015625,926.4692482682502,-1.5770399560490396,-1.5770399560490396,-1.5770399560490396,False,-1.2016017817276134,0.0015625,False
trial,32,32,32,927.8231276881083,927.8231276881083,927.8231276881083,927.8231276881083,3836,1918,0,0,3836,1918,126588,63294,959000.0,31647000.0,500.0,False,True,3836,1918,0,0,3836,1918,0.00078125,926.4692482682502,0.048067352773605666,0.048067352773605666,0.048067352773605666,False,-0.7129383545426765,0.00078125,True
trial,33,33,33,927.4947497933224,927.4947497933224,927.4947497933224,927.4947497933224,3836,1918,0,0,3836,1918,130424,65212,959000.0,32606000.0,500.0,False,True,3836,1918,0,0,3836,1918,0.000390625,1041.556096545439,0.6781833391122732,0.6781833391122732,0.6781833391122732,False,-0.48420224421287594,0.000390625,True
trial,34,34,33,927.555504042482,927.555504042482,927.4947497933224,927.4947497933224,3836,1918,0,0,3836,1918,134260,67130,959000.0,33565000.0,500.0,False,True,3836,1918,0,0,3836,1918,0.00078125,367.6350714885687,-0.16903371002647738,-0.16903371002647738,-0.16903371002647738,False,-0.35942090574747343,0.00078125,False
trial,35,35,35,927.3793165641468,927.3793165641468,927.3793165641468,927.3793165641468,3836,1918,0,0,3836,1918,138096,69048,959000.0,34524000.0,500.0,False,True,3836,1918,0,0,3836,1918,0.000390625,367.6350714885687,0.5785409559786645,0.5785409559786645,0.5785409559786645,False,-0.19952473197041531,0.000390625,True
trial,36,36,35,928.0457152251672,928.0457152251672,927.3793165641468,927.3793165641468,3836,1918,0,0,3836,1918,141932,70966,959000.0,35483000.0,500.0,False,True,3836,1918,0,0,3836,1918,0.00078125,283.22702989119574,-3.750166646501457,-3.750166646501457,-3.750166646501457,False,-0.17769841285374666,0.00078125,False
trial,37,37,35,927.4881785090301,927.4881785090301,927.3793165641468,927.3793165641468,3836,1918,0,0,3836,1918,145768,72884,959000.0,36442000.0,500.0,False,True,3836,1918,0,0,3836,1918,0.000390625,283.22702989119574,-1.1264577192533076,-1.1264577192533076,-1.1264577192533076,False,-0.09664095067452912,0.000390625,False
trial,38,38,35,927.3796500586241,927.3796500586241,927.3793165641468,927.3793165641468,3836,1918,0,0,3836,1918,149604,74802,959000.0,37401000.0,500.0,False,True,3836,1918,0,0,3836,1918,0.0001953125,283.22702989119574,-0.006305010711883763,-0.006305010711883763,-0.006305010711883763,False,-0.05289356235179434,0.0001953125,False
trial,39,39,39,927.3636108294234,927.3636108294234,927.3636108294234,927.3636108294234,3836,1918,0,0,3836,1918,153440,76720,959000.0,38360000.0,500.0,False,True,3836,1918,0,0,3836,1918,9.765625e-05,283.22702989119574,0.5374837999061521,0.5374837999061521,0.5374837999061521,False,-0.029220852286597484,9.765625e-05,True
trial,40,40,40,927.3625853832384,927.3625853832384,927.3625853832384,927.3625853832384,3836,1918,0,0,3836,1918,157276,78638,959000.0,39319000.0,500.0,False,True,3836,1918,0,0,3836,1918,0.0001953125,67.13802573705465,0.026016208932453017,0.026016208932453017,0.026016208932453017,False,-0.0394156653493346,0.0001953125,True
trial,41,41,41,927.3417923991907,927.3417923991907,927.3417923991907,927.3417923991907,3836,1918,0,0,3836,1918,161112,80556,959000.0,40278000.0,500.0,False,True,3836,1918,0,0,3836,1918,9.765625e-05,126.53293622961736,0.5962550062259236,0.5962550062259236,0.5962550062259236,False,-0.03487263642334567,9.765625e-05,True
trial,42,42,41,927.3599754069197,927.3599754069197,927.3417923991907,927.3417923991907,3836,1918,0,0,3836,1918,164948,82474,959000.0,41237000.0,500.0,False,True,3836,1918,0,0,3836,1918,0.0001953125,39.733678771770926,-0.7783174668158185,-0.7783174668158185,-0.7783174668158185,False,-0.02336194227197566,0.0001953125,False
trial,43,43,43,927.3397955704559,927.3397955704559,927.3397955704559,927.3397955704559,3836,1918,0,0,3836,1918,168784,84392,959000.0,42196000.0,500.0,False,True,3836,1918,0,0,3836,1918,9.765625e-05,39.733678771770926,0.16503153636508075,0.16503153636508075,0.16503153636508075,False,-0.012099679726756097,9.765625e-05,True
trial,44,44,43,927.3436458472763,927.3436458472763,927.3397955704559,927.3397955704559,3836,1918,0,0,3836,1918,172620,86310,959000.0,43155000.0,500.0,False,True,3836,1918,0,0,3836,1918,0.0001953125,73.52418657656337,-0.09849282503224134,-0.09849282503224134,-0.09849282503224134,False,-0.039091952324422044,0.0001953125,False
trial,45,45,45,927.3295531210838,927.3295531210838,927.3295531210838,927.3295531210838,3836,1918,0,0,3836,1918,176456,88228,959000.0,44114000.0,500.0,False,True,3836,1918,0,0,3836,1918,9.765625e-05,73.52418657656337,0.49524403326416483,0.49524403326416483,0.49524403326416483,False,-0.020681620946674795,9.765625e-05,True
trial,46,46,45,927.3499816578287,927.3499816578287,927.3295531210838,927.3295531210838,3836,1918,0,0,3836,1918,180292,90146,959000.0,45073000.0,500.0,False,True,3836,1918,0,0,3836,1918,0.0001953125,40.77369783668241,-0.8829138616251492,-0.8829138616251492,-0.8829138616251492,False,-0.023137632823351607,0.0001953125,False
trial,47,47,47,927.3286556366602,927.3286556366602,927.3286556366602,927.3286556366602,3836,1918,0,0,3836,1918,184128,92064,959000.0,46032000.0,500.0,False,True,3836,1918,0,0,3836,1918,9.765625e-05,40.77369783668241,0.07161835804147486,0.07161835804147486,0.07161835804147486,False,-0.012531485615515772,9.765625e-05,True
trial,48,48,47,927.3286674763233,927.3286674763233,927.3286556366602,927.3286556366602,3836,1918,0,0,3836,1918,187964,93982,959000.0,46991000.0,500.0,False,True,3836,1918,0,0,3836,1918,0.0001953125,76.83348073643019,-0.00032115298678056303,-0.00032115298678056303,-0.00032115298678056303,False,-0.03686611549546034,0.0001953125,False
trial,49,49,49,927.3199509715671,927.3199509715671,927.3199509715671,927.3199509715671,3836,1918,0,0,3836,1918,191800,95900,959000.0,47950000.0,500.0,False,True,3836,1918,0,0,3836,1918,9.765625e-05,76.83348073643019,0.443518037503841,0.443518037503841,0.443518037503841,False,-0.0196264060467127,9.765625e-05,True
trial,50,50,49,927.3416885146264,927.3416885146264,927.3199509715671,927.3199509715671,3836,1918,0,0,3836,1918,195636,97818,959000.0,48909000.0,500.0,False,True,3836,1918,0,0,3836,1918,0.0001953125,41.16786715282608,-1.0143641074767407,-1.0143641074767407,-1.0143641074767407,False,-0.02142972419774323,0.0001953125,False
trial,51,51,49,927.320444403867,927.320444403867,927.3199509715671,927.3199509715671,3836,1918,0,0,3836,1918,199472,99736,959000.0,49868000.0,500.0,False,True,3836,1918,0,0,3836,1918,9.765625e-05,41.16786715282608,-0.04269318311512606,-0.04269318311512606,-0.04269318311512606,False,-0.011557636697175825,9.765625e-05,False
trial,52,52,52,927.31691126312,927.31691126312,927.31691126312,927.31691126312,3836,1918,0,0,3836,1918,203308,101654,959000.0,50827000.0,500.0,False,True,3836,1918,0,0,3836,1918,4.8828125e-05,41.16786715282608,0.4951069135551737,0.4951069135551737,0.4951069135551737,False,-0.006139499093768607,4.8828125e-05,True
trial,53,53,52,927.3171286245845,927.3171286245845,927.31691126312,927.31691126312,3836,1918,0,0,3836,1918,207144,103572,959000.0,51786000.0,500.0,False,True,3836,1918,0,0,3836,1918,9.765625e-05,35.222337456247104,-0.020260516143113357,-0.020260516143113357,-0.020260516143113357,False,-0.010728328091128565,9.765625e-05,False
trial,54,54,54,927.314284133518,927.314284133518,927.314284133518,927.314284133518,3836,1918,0,0,3836,1918,210980,105490,959000.0,52745000.0,500.0,False,True,3836,1918,0,0,3836,1918,4.8828125e-05,35.222337456247104,0.48036369043315996,0.48036369043315996,0.48036369043315996,False,-0.005469042840598208,4.8828125e-05,True
trial,55,55,54,927.3177203222558,927.3177203222558,927.314284133518,927.314284133518,3836,1918,0,0,3836,1918,214816,107408,959000.0,53704000.0,500.0,False,True,3836,1918,0,0,3836,1918,9.765625e-05,24.859309254065256,-0.40387827746940885,-0.40387827746940885,-0.40387827746940885,False,-0.008507981066427042,9.765625e-05,False
trial,56,56,56,927.31300781394,927.31300781394,927.31300781394,927.31300781394,3836,1918,0,0,3836,1918,218652,109326,959000.0,54663000.0,500.0,False,True,3836,1918,0,0,3836,1918,4.8828125e-05,24.859309254065256,0.2842686822815556,0.2842686822815556,0.2842686822815556,False,-0.0044898353478081635,4.8828125e-05,True
trial,57,57,56,927.313641798374,927.313641798374,927.31300781394,927.31300781394,3836,1918,0,0,3836,1918,222488,111244,959000.0,55622000.0,500.0,False,True,3836,1918,0,0,3836,1918,9.765625e-05,38.885291906278,-0.05875096235821618,-0.05875096235821618,-0.05875096235821618,False,-0.0107910476448636,9.765625e-05,False
trial,58,58,58,927.3104537773495,927.3104537773495,927.3104537773495,927.3104537773495,3836,1918,0,0,3836,1918,226324,113162,959000.0,56581000.0,500.0,False,True,3836,1918,0,0,3836,1918,4.8828125e-05,38.885291906278,0.4581035057490821,0.4581035057490821,0.4581035057490821,False,-0.005575239129212489,4.8828125e-05,True
trial,59,59,58,927.314202955174,927.314202955174,927.3104537773495,927.3104537773495,3836,1918,0,0,3836,1918,230160,115080,959000.0,57540000.0,500.0,False,True,3836,1918,0,0,3836,1918,9.765625e-05,24.564380044610758,-0.4862341385848675,-0.4862341385848675,-0.4862341385848675,False,-0.007710642933052893,9.765625e-05,False
trial,60,60,60,927.30962941813,927.30962941813,927.30962941813,927.30962941813,3836,1918,0,0,3836,1918,233996,116998,959000.0,58499000.0,500.0,False,True,3836,1918,0,0,3836,1918,4.8828125e-05,24.564380044610758,0.2029936026872669,0.2029936026872669,0.2029936026872669,False,-0.004061010832545083,4.8828125e-05,True
trial,61,61,61,927.309447614201,927.309447614201,927.309447614201,927.309447614201,3836,1918,0,0,3836,1918,237832,118916,959000.0,59458000.0,500.0,False,True,3836,1918,0,0,3836,1918,9.765625e-05,42.618846666559875,0.016868556087767387,0.016868556087767387,0.016868556087767387,False,-0.010777681749116004,9.765625e-05,True
trial,62,62,62,927.3035441277603,927.3035441277603,927.3035441277603,927.3035441277603,3836,1918,0,0,3836,1918,241668,120834,959000.0,60417000.0,500.0,False,True,3836,1918,0,0,3836,1918,4.8828125e-05,58.009048741470416,0.634074872254849,0.634074872254849,0.634074872254849,False,-0.009310393297280884,4.8828125e-05,True
trial,63,63,62,927.3042149448349,927.3042149448349,927.3035441277603,927.3035441277603,3836,1918,0,0,3836,1918,245504,122752,959000.0,61376000.0,500.0,False,True,3836,1918,0,0,3836,1918,9.765625e-05,22.848890923598635,-0.1115924239358315,-0.1115924239358315,-0.1115924239358315,False,-0.006011313769634711,9.765625e-05,False
trial,64,64,64,927.3028435838662,927.3028435838662,927.3028435838662,927.3028435838662,3836,1918,0,0,3836,1918,249340,124670,959000.0,62335000.0,500.0,False,True,3836,1918,0,0,3836,1918,4.8828125e-05,22.848890923598635,0.2255151739412534,0.2255151739412534,0.2255151739412534,False,-0.0031064157763638057,4.8828125e-05,True
trial,65,65,64,927.3051823453843,927.3051823453843,927.3028435838662,927.3028435838662,3836,1918,0,0,3836,1918,253176,126588,959000.0,63294000.0,500.0,False,True,3836,1918,0,0,3836,1918,9.765625e-05,35.82623251000913,-0.231811276857399,-0.231811276857399,-0.231811276857399,False,-0.010089075690404615,9.765625e-05,False
trial,66,66,66,927.3008754017236,927.3008754017236,927.3008754017236,927.3008754017236,3836,1918,0,0,3836,1918,257012,128506,959000.0,64253000.0,500.0,False,True,3836,1918,0,0,3836,1918,4.8828125e-05,35.82623251000913,0.3777797777254777,0.3777797777254777,0.3777797777254777,False,-0.005209866325970923,4.8828125e-05,True
trial,67,67,66,927.3047986052433,927.3047986052433,927.3008754017236,927.3008754017236,3836,1918,0,0,3836,1918,260848,130424,959000.0,65212000.0,500.0,False,True,3836,1918,0,0,3836,1918,9.765625e-05,25.694946737874055,-0.4734450639790289,-0.4734450639790289,-0.4734450639790289,False,-0.008286502105840284,9.765625e-05,False
trial,68,68,68,927.2995726667835,927.2995726667835,927.2995726667835,927.2995726667835,3836,1918,0,0,3836,1918,264684,132342,959000.0,66171000.0,500.0,False,True,3836,1918,0,0,3836,1918,4.8828125e-05,25.694946737874055,0.30355049193880085,0.30355049193880085,0.30355049193880085,False,-0.004291658141397947,4.8828125e-05,True
trial,69,69,68,927.3030666278348,927.3030666278348,927.2995726667835,927.2995726667835,3836,1918,0,0,3836,1918,268520,134260,959000.0,67130000.0,500.0,False,True,3836,1918,0,0,3836,1918,9.765625e-05,31.447387285815473,-0.38186735893681023,-0.38186735893681023,-0.38186735893681023,False,-0.009149671920125266,9.765625e-05,False
trial,70,70,70,927.2981814084301,927.2981814084301,927.2981814084301,927.2981814084301,3836,1918,0,0,3836,1918,272356,136178,959000.0,68089000.0,500.0,False,True,3836,1918,0,0,3836,1918,4.8828125e-05,31.447387285815473,0.29451940978408286,0.29451940978408286,0.29451940978408286,False,-0.004723825687701597,4.8828125e-05,True
trial,71,71,70,927.3025679697946,927.3025679697946,927.2981814084301,927.2981814084301,3836,1918,0,0,3836,1918,276192,138096,959000.0,69048000.0,500.0,False,True,3836,1918,0,0,3836,1918,9.765625e-05,30.01935074935949,-0.5223024398969339,-0.5223024398969339,-0.5223024398969339,False,-0.008398508276913743,9.765625e-05,False
trial,72,72,72,927.297371318929,927.297371318929,927.297371318929,927.297371318929,3836,1918,0,0,3836,1918,280028,140014,959000.0,70007000.0,500.0,False,True,3836,1918,0,0,3836,1918,4.8828125e-05,30.01935074935949,0.1839892881877122,0.1839892881877122,0.1839892881877122,False,-0.004402916653901575,4.8828125e-05,True
trial,73,73,72,927.3010089636477,927.3010089636477,927.297371318929,927.297371318929,3836,1918,0,0,3836,1918,283864,141932,959000.0,70966000.0,500.0,False,True,3836,1918,0,0,3836,1918,9.765625e-05,34.5289558896973,-0.36451556584137323,-0.36451556584137323,-0.36451556584137323,False,-0.009979394735499254,9.765625e-05,False
trial,74,74,74,927.2957098707687,927.2957098707687,927.2957098707687,927.2957098707687,3836,1918,0,0,3836,1918,287700,143850,959000.0,71925000.0,500.0,False,True,3836,1918,0,0,3836,1918,4.8828125e-05,34.5289558896973,0.31701752417282403,0.31701752417282403,0.31701752417282403,False,-0.005240871666541893,4.8828125e-05,True
trial,75,75,74,927.2998838901746,927.2998838901746,927.2957098707687,927.2957098707687,3836,1918,0,0,3836,1918,291536,145768,959000.0,72884000.0,500.0,False,True,3836,1918,0,0,3836,1918,9.765625e-05,29.755138755817086,-0.4994063985929597,-0.4994063985929597,-0.4994063985929597,False,-0.008357961406920881,9.765625e-05,False
trial,76,76,76,927.2949253970393,927.2949253970393,927.2949253970393,927.2949253970393,3836,1918,0,0,3836,1918,295372,147686,959000.0,73843000.0,500.0,False,True,3836,1918,0,0,3836,1918,4.8828125e-05,29.755138755817086,0.17871433549642585,0.17871433549642585,0.17871433549642585,False,-0.00438954002935847,4.8828125e-05,True
trial,77,77,76,927.2985373925783,927.2985373925783,927.2949253970393,927.2949253970393,3836,1918,0,0,3836,1918,299208,149604,959000.0,74802000.0,500.0,False,True,3836,1918,0,0,3836,1918,9.765625e-05,34.48620040515035,-0.3599506323281922,-0.3599506323281922,-0.3599506323281922,False,-0.01003469702401964,9.765625e-05,False
trial,78,78,78,927.2932682087129,927.2932682087129,927.2932682087129,927.2932682087129,3836,1918,0,0,3836,1918,303044,151522,959000.0,75761000.0,500.0,False,True,3836,1918,0,0,3836,1918,4.8828125e-05,34.48620040515035,0.3148991619265991,0.3148991619265991,0.3148991619265991,False,-0.005262599989861458,4.8828125e-05,True
trial,79,79,78,927.2975652282167,927.2975652282167,927.2932682087129,927.2932682087129,3836,1918,0,0,3836,1918,306880,153440,959000.0,76720000.0,500.0,False,True,3836,1918,0,0,3836,1918,9.765625e-05,29.71101694544215,-0.5115559564200789,-0.5115559564200789,-0.5115559564200789,False,-0.008399901222749622,9.765625e-05,False
trial,80,80,80,927.2924703730409,927.2924703730409,927.2924703730409,927.2924703730409,3836,1918,0,0,3836,1918,310716,155358,959000.0,77679000.0,500.0,False,True,3836,1918,0,0,3836,1918,4.8828125e-05,29.71101694544215,0.1811300057082958,0.1811300057082958,0.1811300057082958,False,-0.0044047681047686025,4.8828125e-05,True
trial,81,81,80,927.2960699481594,927.2960699481594,927.2924703730409,927.2924703730409,3836,1918,0,0,3836,1918,314552,157276,959000.0,78638000.0,500.0,False,True,3836,1918,0,0,3836,1918,9.765625e-05,34.41420215227265,-0.35982027885379686,-0.35982027885379686,-0.35982027885379686,False,-0.0100038139314465,9.765625e-05,False
trial,82,82,82,927.2907791113088,927.2907791113088,927.2907791113088,927.2907791113088,3836,1918,0,0,3836,1918,318388,159194,959000.0,79597000.0,500.0,False,True,3836,1918,0,0,3836,1918,4.8828125e-05,34.41420215227265,0.32229253704160016,0.32229253704160016,0.32229253704160016,False,-0.0052475981842048484,4.8828125e-05,True
trial,83,83,82,927.2951804065664,927.2951804065664,927.2907791113088,927.2907791113088,3836,1918,0,0,3836,1918,322224,161112,959000.0,80556000.0,500.0,False,True,3836,1918,0,0,3836,1918,9.765625e-05,29.525984872927324,-0.5286936685811985,-0.5286936685811985,-0.5286936685811985,False,-0.008324849566300535,9.765625e-05,False
trial,84,84,84,927.2900028689801,927.2900028689801,927.2900028689801,927.2900028689801,3836,1918,0,0,3836,1918,326060,163030,959000.0,81515000.0,500.0,False,True,3836,1918,0,0,3836,1918,4.8828125e-05,29.525984872927324,0.17775185175451425,0.17775185175451425,0.17775185175451425,False,-0.004366999955475564,4.8828125e-05,True
trial,85,85,84,927.2935721603801,927.2935721603801,927.2900028689801,927.2900028689801,3836,1918,0,0,3836,1918,329896,164948,959000.0,82474000.0,500.0,False,True,3836,1918,0,0,3836,1918,9.765625e-05,34.21744013964771,-0.3545790431867725,-0.3545790431867725,-0.3545790431867725,False,-0.010066278502946894,9.765625e-05,False
trial,86,86,86,927.2883261697174,927.2883261697174,927.2883261697174,927.2883261697174,3836,1918,0,0,3836,1918,333732,166866,959000.0,83433000.0,500.0,False,True,3836,1918,0,0,3836,1918,4.8828125e-05,34.21744013964771,0.31804741499013023,0.31804741499013023,0.31804741499013023,False,-0.005271853137855792,4.8828125e-05,True
trial,87,87,86,927.2926760417145,927.2926760417145,927.2883261697174,927.2883261697174,3836,1918,0,0,3836,1918,337568,168784,959000.0,84392000.0,500.0,False,True,3836,1918,0,0,3836,1918,9.765625e-05,29.567213414037543,-0.5211166540529124,-0.5211166540529124,-0.5211166540529124,False,-0.008347213552374416,9.765625e-05,False
trial,88,88,88,927.2875392760183,927.2875392760183,927.2875392760183,927.2875392760183,3836,1918,0,0,3836,1918,341404,170702,959000.0,85351000.0,500.0,False,True,3836,1918,0,0,3836,1918,4.8828125e-05,29.567213414037543,0.17929198704279917,0.17929198704279917,0.17929198704279917,False,-0.004388894964539618,4.8828125e-05,True
trial,89,89,88,927.2910683529203,927.2910683529203,927.2875392760183,927.2875392760183,3836,1918,0,0,3836,1918,345240,172620,959000.0,86310000.0,500.0,False,True,3836,1918,0,0,3836,1918,9.765625e-05,34.163493153749656,-0.35140973823728444,-0.35140973823728444,-0.35140973823728444,False,-0.01004262693389527,9.765625e-05,False
trial,90,90,90,927.2858667130351,927.2858667130351,927.2858667130351,927.2858667130351,3836,1918,0,0,3836,1918,349076,174538,959000.0,87269000.0,500.0,False,True,3836,1918,0,0,3836,1918,4.8828125e-05,34.163493153749656,0.31687917138144767,0.31687917138144767,0.31687917138144767,False,-0.005278235788819837,4.8828125e-05,True
trial,91,91,90,927.2902940395626,927.2902940395626,927.2858667130351,927.2858667130351,3836,1918,0,0,3836,1918,352912,176456,959000.0,88228000.0,500.0,False,True,3836,1918,0,0,3836,1918,9.765625e-05,29.60235524440988,-0.5272106742061764,-0.5272106742061764,-0.5272106742061764,False,-0.008397642050970246,9.765625e-05,False
trial,92,92,92,927.2850602368839,927.2850602368839,927.2850602368839,927.2850602368839,3836,1918,0,0,3836,1918,356748,178374,959000.0,89187000.0,500.0,False,True,3836,1918,0,0,3836,1918,4.8828125e-05,29.60235524440988,0.18281262252179814,0.18281262252179814,0.18281262252179814,False,-0.004411490520578017,4.8828125e-05,True
trial,93,93,92,927.2886884186614,927.2886884186614,927.2850602368839,927.2850602368839,3836,1918,0,0,3836,1918,360584,180292,959000.0,90146000.0,500.0,False,True,3836,1918,0,0,3836,1918,9.765625e-05,34.077446227730135,-0.36098208302512336,-0.36098208302512336,-0.36098208302512336,False,-0.010050863874368841,9.765625e-05,False
trial,94,94,94,927.2833853381396,927.2833853381396,927.2833853381396,927.2833853381396,3836,1918,0,0,3836,1918,364420,182210,959000.0,91105000.0,500.0,False,True,3836,1918,0,0,3836,1918,4.8828125e-05,34.077446227730135,0.3183461141893461,0.3183461141893461,0.3183461141893461,False,-0.0052612507882876065,4.8828125e-05,True
trial,95,95,94,927.287836647477,927.287836647477,927.2833853381396,927.2833853381396,3836,1918,0,0,3836,1918,368256,184128,959000.0,92064000.0,500.0,False,True,3836,1918,0,0,3836,1918,9.765625e-05,29.656309881382704,-0.5315019520140263,-0.5315019520140263,-0.5315019520140263,False,-0.008374963291268965,9.765625e-05,False
trial,96,96,96,927.2825803097883,927.2825803097883,927.2825803097883,927.2825803097883,3836,1918,0,0,3836,1918,372092,186046,959000.0,93023000.0,500.0,False,True,3836,1918,0,0,3836,1918,4.8828125e-05,29.656309881382704,0.18263284582730027,0.18263284582730027,0.18263284582730027,False,-0.00440790564098451,4.8828125e-05,True
trial,97,97,96,927.2861877712133,927.2861877712133,927.2825803097883,927.2825803097883,3836,1918,0,0,3836,1918,375928,187964,959000.0,93982000.0,500.0,False,True,3836,1918,0,0,3836,1918,9.765625e-05,33.99566493937171,-0.358215128410803,-0.358215128410803,-0.358215128410803,False,-0.010070656259217093,9.765625e-05,False
trial,98,98,98,927.2808947196527,927.2808947196527,927.2808947196527,927.2808947196527,3836,1918,0,0,3836,1918,379764,189882,959000.0,94941000.0,500.0,False,True,3836,1918,0,0,3836,1918,4.8828125e-05,33.99566493937171,0.31984131609994443,0.31984131609994443,0.31984131609994443,False,-0.005270082540140526,4.8828125e-05,True
trial,99,99,98,927.285351065483,927.285351065483,927.2808947196527,927.2808947196527,3836,1918,0,0,3836,1918,383600,191800,959000.0,95900000.0,500.0,False,True,3836,1918,0,0,3836,1918,9.765625e-05,29.63944840858923,-0.5328838233501612,-0.5328838233501612,-0.5328838233501612,False,-0.008362696773841669,9.765625e-05,False
trial,100,100,100,927.2800900772879,927.2800900772879,927.2800900772879,927.2800900772879,3836,1918,0,0,3836,1918,387436,193718,959000.0,96859000.0,500.0,False,True,3836,1918,0,0,3836,1918,4.8828125e-05,29.63944840858923,0.18272568511321843,0.18272568511321843,0.18272568511321843,False,-0.0044035536890014845,4.8828125e-05,True
trial,101,101,100,927.2836433492114,927.2836433492114,927.2800900772879,927.2800900772879,3836,1918,0,0,3836,1918,391272,195636,959000.0,97818000.0,500.0,False,True,3836,1918,0,0,3836,1918,9.765625e-05,33.91527922647449,-0.35238671811568495,-0.35238671811568495,-0.35238671811568495,False,-0.010083444524996868,9.765625e-05,False
trial,102,102,102,927.2784097137816,927.2784097137816,927.2784097137816,927.2784097137816,3836,1918,0,0,3836,1918,395108,197554,959000.0,98777000.0,500.0,False,True,3836,1918,0,0,3836,1918,4.8828125e-05,33.91527922647449,0.3178388842064835,0.3178388842064835,0.3178388842064835,False,-0.005286840565614473,4.8828125e-05,True
trial,103,103,102,927.2827612086337,927.2827612086337,927.2784097137816,927.2784097137816,3836,1918,0,0,3836,1918,398944,199472,959000.0,99736000.0,500.0,False,True,3836,1918,0,0,3836,1918,9.765625e-05,29.727860437851504,-0.5171314276412697,-0.5171314276412697,-0.5171314276412697,False,-0.008414678782874514,9.765625e-05,False
trial,104,104,104,927.2775821247525,927.2775821247525,927.2775821247525,927.2775821247525,3836,1918,0,0,3836,1918,402780,201390,959000.0,100695000.0,500.0,False,True,3836,1918,0,0,3836,1918,4.8828125e-05,29.727860437851504,0.18668088030822788,0.18668088030822788,0.18668088030822788,False,-0.004433175093880295,4.8828125e-05,True
trial,105,105,104,927.2811514437763,927.2811514437763,927.2775821247525,927.2775821247525,3836,1918,0,0,3836,1918,406616,203308,959000.0,101654000.0,500.0,False,True,3836,1918,0,0,3836,1918,9.765625e-05,33.8636809121273,-0.3544688093762091,-0.3544688093762091,-0.3544688093762091,False,-0.010069486875444011,9.765625e-05,False
trial,106,106,106,927.2759076471245,927.2759076471245,927.2759076471245,927.2759076471245,3836,1918,0,0,3836,1918,410452,205226,959000.0,102613000.0,500.0,False,True,3836,1918,0,0,3836,1918,4.8828125e-05,33.8636809121273,0.317102452628535,0.317102452628535,0.317102452628535,False,-0.0052805571639818185,4.8828125e-05,True
trial,107,107,106,927.28035107548,927.28035107548,927.2759076471245,927.2759076471245,3836,1918,0,0,3836,1918,414288,207144,959000.0,103572000.0,500.0,False,True,3836,1918,0,0,3836,1918,9.765625e-05,29.801737401802615,-0.5252596952551007,-0.5252596952551007,-0.5252596952551007,False,-0.008459488507462457,9.765625e-05,False
trial,108,108,108,927.2750587842509,927.2750587842509,927.2750587842509,927.2750587842509,3836,1918,0,0,3836,1918,418124,209062,959000.0,104531000.0,500.0,False,True,3836,1918,0,0,3836,1918,4.8828125e-05,29.801737401802615,0.19078467948544042,0.19078467948544042,0.19078467948544042,False,-0.004449324107002709,4.8828125e-05,True
trial,109,109,108,927.2786817754866,927.2786817754866,927.2750587842509,927.2750587842509,3836,1918,0,0,3836,1918,421960,210980,959000.0,105490000.0,500.0,False,True,3836,1918,0,0,3836,1918,9.765625e-05,33.766053474026315,-0.36049980922443936,-0.36049980922443936,-0.36049980922443936,False,-0.01004991165878856,9.765625e-05,False
trial,110,110,110,927.2733945755579,927.2733945755579,927.2733945755579,927.2733945755579,3836,1918,0,0,3836,1918,425796,212898,959000.0,106449000.0,500.0,False,True,3836,1918,0,0,3836,1918,4.8828125e-05,33.766053474026315,0.3158008142306649,0.3158008142306649,0.3158008142306649,False,-0.005269804946687019,4.8828125e-05,True
trial,111,111,110,927.2778270588584,927.2778270588584,927.2733945755579,927.2733945755579,3836,1918,0,0,3836,1918,429632,214816,959000.0,107408000.0,500.0,False,True,3836,1918,0,0,3836,1918,9.765625e-05,29.905232090818547,-0.521164073380063,-0.521164073380063,-0.521164073380063,False,-0.008504967105273103,9.765625e-05,False
trial,112,112,112,927.2725215950506,927.2725215950506,927.2725215950506,927.2725215950506,3836,1918,0,0,3836,1918,433468,216734,959000.0,108367000.0,500.0,False,True,3836,1918,0,0,3836,1918,4.8828125e-05,29.905232090818547,0.19523275337829818,0.19523275337829818,0.19523275337829818,False,-0.004471485916705718,4.8828125e-05,True
trial,113,113,112,927.2761767316711,927.2761767316711,927.2725215950506,927.2725215950506,3836,1918,0,0,3836,1918,437304,218652,959000.0,109326000.0,500.0,False,True,3836,1918,0,0,3836,1918,9.765625e-05,33.662307649346005,-0.36457141075694405,-0.36457141075694405,-0.36457141075694405,False,-0.010025845451842727,9.765625e-05,False
trial,114,114,114,927.270870620149,927.270870620149,927.270870620149,927.270870620149,3836,1918,0,0,3836,1918,441140,220570,959000.0,110285000.0,500.0,False,True,3836,1918,0,0,3836,1918,4.8828125e-05,33.662307649346005,0.3140598711981614,0.3140598711981614,0.3140598711981614,False,-0.005256879509386724,4.8828125e-05,True
trial,115,115,114,927.2753002057259,927.2753002057259,927.270870620149,927.270870620149,3836,1918,0,0,3836,1918,444976,222488,959000.0,111244000.0,500.0,False,True,3836,1918,0,0,3836,1918,9.765625e-05,30.035347519781265,-0.5179236702055134,-0.5179236702055134,-0.5179236702055134,False,-0.008552583771880267,9.765625e-05,False
trial,116,116,116,927.2699745712541,927.2699745712541,927.2699745712541,927.2699745712541,3836,1918,0,0,3836,1918,448812,224406,959000.0,112203000.0,500.0,False,True,3836,1918,0,0,3836,1918,4.8828125e-05,30.035347519781265,0.19922831259130833,0.19922831259130833,0.19922831259130833,False,-0.0044975981739081424,4.8828125e-05,True
trial,117,117,116,927.2736428078739,927.2736428078739,927.2699745712541,927.2699745712541,3836,1918,0,0,3836,1918,452648,226324,959000.0,113162000.0,500.0,False,True,3836,1918,0,0,3836,1918,9.765625e-05,33.60856022743125,-0.3668580249261455,-0.3668580249261455,-0.3668580249261455,False,-0.009999063317511605,9.765625e-05,False
trial,118,118,118,927.2683277713429,927.2683277713429,927.2683277713429,927.2683277713429,3836,1918,0,0,3836,1918,456484,228242,959000.0,114121000.0,500.0,False,True,3836,1918,0,0,3836,1918,4.8828125e-05,33.60856022743125,0.31373230361065957,0.31373230361065957,0.31373230361065957,False,-0.005249060719158264,4.8828125e-05,True
trial,119,119,118,927.2727608052139,927.2727608052139,927.2683277713429,927.2683277713429,3836,1918,0,0,3836,1918,460320,230160,959000.0,115080000.0,500.0,False,True,3836,1918,0,0,3836,1918,9.765625e-05,30.076402384462686,-0.5165401438393635,-0.5165401438393635,-0.5165401438393635,False,-0.008582167182708442,9.765625e-05,False
trial,120,120,120,927.2674117403034,927.2674117403034,927.2674117403034,927.2674117403034,3836,1918,0,0,3836,1918,464156,232078,959000.0,116039000.0,500.0,False,True,3836,1918,0,0,3836,1918,4.8828125e-05,30.076402384462686,0.20307327905078512,0.20307327905078512,0.20307327905078512,False,-0.004510839849629937,4.8828125e-05,True
trial,121,121,120,927.2711097304032,927.2711097304032,927.2674117403034,927.2674117403034,3836,1918,0,0,3836,1918,467992,233996,959000.0,116998000.0,500.0,False,True,3836,1918,0,0,3836,1918,9.765625e-05,33.49600079279132,-0.37040618004511133,-0.37040618004511133,-0.37040618004511133,False,-0.009983607993107742,9.765625e-05,False
trial,122,122,122,927.265743270305,927.265743270305,927.265743270305,927.265743270305,3836,1918,0,0,3836,1918,471828,235914,959000.0,117957000.0,500.0,False,True,3836,1918,0,0,3836,1918,4.8828125e-05,33.49600079279132,0.31916954984252977,0.31916954984252977,0.31916954984252977,False,-0.005227535017500194,4.8828125e-05,True
trial,123,123,122,927.2702449830592,927.2702449830592,927.265743270305,927.265743270305,3836,1918,0,0,3836,1918,475664,237832,959000.0,118916000.0,500.0,False,True,3836,1918,0,0,3836,1918,9.765625e-05,29.9152683393874,-0.5272033673122006,-0.5272033673122006,-0.5272033673122006,False,-0.008538854326988855,9.765625e-05,False
trial,124,124,124,927.2648439910223,927.2648439910223,927.2648439910223,927.2648439910223,3836,1918,0,0,3836,1918,479500,239750,959000.0,119875000.0,500.0,False,True,3836,1918,0,0,3836,1918,4.8828125e-05,29.9152683393874,0.20047807621633715,0.20047807621633715,0.20047807621633715,False,-0.004485673943608918,4.8828125e-05,True
trial,125,125,124,927.2684689110773,927.2684689110773,927.2648439910223,927.2648439910223,3836,1918,0,0,3836,1918,483336,241668,959000.0,120834000.0,500.0,False,True,3836,1918,0,0,3836,1918,9.765625e-05,33.47304078277782,-0.36134450607422985,-0.36134450607422985,-0.36134450607422985,False,-0.010031756382294905,9.765625e-05,False
trial,126,126,126,927.2631874606229,927.2631874606229,927.2631874606229,927.2631874606229,3836,1918,0,0,3836,1918,487172,243586,959000.0,121793000.0,500.0,False,True,3836,1918,0,0,3836,1918,4.8828125e-05,33.47304078277782,0.3148789017199527,0.3148789017199527,0.3148789017199527,False,-0.005260849140175976,4.8828125e-05,True
trial,127,127,126,927.2676671751257,927.2676671751257,927.2631874606229,927.2631874606229,3836,1918,0,0,3836,1918,491008,245504,959000.0,122752000.0,500.0,False,True,3836,1918,0,0,3836,1918,9.765625e-05,30.06182168983596,-0.5200769671627451,-0.5200769671627451,-0.5200769671627451,False,-0.008613560656559844,9.765625e-05,False
trial,128,128,128,927.2622578236671,927.2622578236671,927.2622578236671,927.2622578236671,3836,1918,0,0,3836,1918,494844,247422,959000.0,123711000.0,500.0,False,True,3836,1918,0,0,3836,1918,4.8828125e-05,30.06182168983596,0.20522622906544039,0.20522622906544039,0.20522622906544039,False,-0.004529815511507082,4.8828125e-05,True
trial,129,129,128,927.2659325715715,927.2659325715715,927.2622578236671,927.2622578236671,3836,1918,0,0,3836,1918,498680,249340,959000.0,124670000.0,500.0,False,True,3836,1918,0,0,3836,1918,9.765625e-05,33.430980762031425,-0.3668368863080764,-0.3668368863080764,-0.3668368863080764,False,-0.010017389312599285,9.765625e-05,False
trial,130,130,130,927.2606081008087,927.2606081008087,927.2606081008087,927.2606081008087,3836,1918,0,0,3836,1918,502516,251258,959000.0,125629000.0,500.0,False,True,3836,1918,0,0,3836,1918,4.8828125e-05,33.430980762031425,0.31396857028220315,0.31396857028220315,0.31396857028220315,False,-0.005254420393070443,4.8828125e-05,True
trial,131,131,130,927.2650567254921,927.2650567254921,927.2606081008087,927.2606081008087,3836,1918,0,0,3836,1918,506352,253176,959000.0,126588000.0,500.0,False,True,3836,1918,0,0,3836,1918,9.765625e-05,30.159363290618057,-0.5142689104042237,-0.5142689104042237,-0.5142689104042237,False,-0.00865038619560835,9.765625e-05,False
trial,132,132,132,927.2596507312015,927.2596507312015,927.2596507312015,927.2596507312015,3836,1918,0,0,3836,1918,510188,255094,959000.0,127547000.0,500.0,False,True,3836,1918,0,0,3836,1918,4.8828125e-05,30.159363290618057,0.2105982943657838,0.2105982943657838,0.2105982943657838,False,-0.004545951381129542,4.8828125e-05,True
trial,133,133,132,927.2633765056107,927.2633765056107,927.2596507312015,927.2596507312015,3836,1918,0,0,3836,1918,514024,257012,959000.0,128506000.0,500.0,False,True,3836,1918,0,0,3836,1918,9.765625e-05,33.29109528574094,-0.374071631093237,-0.374071631093237,-0.374071631093237,False,-0.009960056041410053,9.765625e-05,False
trial,134,134,134,927.2580243551338,927.2580243551338,927.2580243551338,927.2580243551338,3836,1918,0,0,3836,1918,517860,258930,959000.0,129465000.0,500.0,False,True,3836,1918,0,0,3836,1918,4.8828125e-05,33.29109528574094,0.3109213393925079,0.3109213393925079,0.3109213393925079,False,-0.005230828063860787,4.8828125e-05,True
trial,135,135,134,927.262685183075,927.262685183075,927.2580243551338,927.2580243551338,3836,1918,0,0,3836,1918,521696,260848,959000.0,130424000.0,500.0,False,True,3836,1918,0,0,3836,1918,9.765625e-05,30.321393373442433,-0.5350779221416883,-0.5350779221416883,-0.5350779221416883,False,-0.008710559244362827,9.765625e-05,False
trial,136,136,136,927.2570401739902,927.2570401739902,927.2570401739902,927.2570401739902,3836,1918,0,0,3836,1918,525532,262766,959000.0,131383000.0,500.0,False,True,3836,1918,0,0,3836,1918,4.8828125e-05,30.321393373442433,0.21468566790591828,0.21468566790591828,0.21468566790591828,False,-0.004584288989673274,4.8828125e-05,True
trial,137,137,136,927.2607218226997,927.2607218226997,927.2570401739902,927.2570401739902,3836,1918,0,0,3836,1918,529368,264684,959000.0,132342000.0,500.0,False,True,3836,1918,0,0,3836,1918,9.765625e-05,33.24727897158646,-0.3698152931194299,-0.3698152931194299,-0.3698152931194299,False,-0.009955371716679182,9.765625e-05,False
trial,138,138,138,927.2554042203687,927.2554042203687,927.2554042203687,927.2554042203687,3836,1918,0,0,3836,1918,533204,266602,959000.0,133301000.0,500.0,False,True,3836,1918,0,0,3836,1918,4.8828125e-05,33.24727897158646,0.3134543324613491,0.3134543324613491,0.3134543324613491,False,-0.005219113127487233,4.8828125e-05,True
trial,139,139,138,927.2600640526176,927.2600640526176,927.2554042203687,927.2554042203687,3836,1918,0,0,3836,1918,537040,268520,959000.0,134260000.0,500.0,False,True,3836,1918,0,0,3836,1918,9.765625e-05,30.26156367898776,-0.5353602952408171,-0.5353602952408171,-0.5353602952408171,False,-0.00870410504906818,9.765625e-05,False
trial,140,140,140,927.2544127527487,927.2544127527487,927.2544127527487,927.2544127527487,3836,1918,0,0,3836,1918,540876,270438,959000.0,135219000.0,500.0,False,True,3836,1918,0,0,3836,1918,4.8828125e-05,30.26156367898776,0.21679425636617125,0.21679425636617125,0.21679425636617125,False,-0.004573311288848426,4.8828125e-05,True
trial,141,141,140,927.2580670829254,927.2580670829254,927.2544127527487,927.2544127527487,3836,1918,0,0,3836,1918,544712,272356,959000.0,136178000.0,500.0,False,True,3836,1918,0,0,3836,1918,9.765625e-05,33.128547299525174,-0.36789528382520953,-0.36789528382520953,-0.36789528382520953,False,-0.009933071548759328,9.765625e-05,False
trial,142,142,142,927.252759108185,927.252759108185,927.252759108185,927.252759108185,3836,1918,0,0,3836,1918,548548,274274,959000.0,137137000.0,500.0,False,True,3836,1918,0,0,3836,1918,4.8828125e-05,33.128547299525174,0.3174707647217347,0.3174707647217347,0.3174707647217347,False,-0.005208808959629444,4.8828125e-05,True
trial,143,143,142,927.2574845945124,927.2574845945124,927.252759108185,927.252759108185,3836,1918,0,0,3836,1918,552384,276192,959000.0,138096000.0,500.0,False,True,3836,1918,0,0,3836,1918,9.765625e-05,43.601049530540976,-0.5432093093327296,-0.5432093093327296,-0.5432093093327296,False,-0.008699199822636903,9.765625e-05,False
trial,144,144,144,927.2517735704013,927.2517735704013,927.2517735704013,927.2517735704013,3836,1918,0,0,3836,1918,556220,278110,959000.0,139055000.0,500.0,False,True,3836,1918,0,0,3836,1918,4.8828125e-05,43.601049530540976,0.2158405186023418,0.2158405186023418,0.2158405186023418,False,-0.004566046218561776,4.8828125e-05,True
trial,145,145,144,927.2553496810092,927.2553496810092,927.2517735704013,927.2517735704013,3836,1918,0,0,3836,1918,560056,280028,959000.0,140014000.0,500.0,False,True,3836,1918,0,0,3836,1918,9.765625e-05,33.07735778226371,-0.3588513565385985,-0.3588513565385985,-0.3588513565385985,False,-0.009965437061233066,9.765625e-05,False
trial,146,146,146,927.2501260341304,927.2501260341304,927.2501260341304,927.2501260341304,3836,1918,0,0,3836,1918,563892,281946,959000.0,140973000.0,500.0,False,True,3836,1918,0,0,3836,1918,4.8828125e-05,33.07735778226371,0.3146475299786037,0.3146475299786037,0.3146475299786037,False,-0.005236132859451165,4.8828125e-05,True
trial,147,147,146,927.2547826516236,927.2547826516236,927.2501260341304,927.2501260341304,3836,1918,0,0,3836,1918,567728,283864,959000.0,141932000.0,500.0,False,True,3836,1918,0,0,3836,1918,9.765625e-05,30.306631096820457,-0.5322375343075929,-0.5322375343075929,-0.5322375343075929,False,-0.008749133973151205,9.765625e-05,False
trial,148,148,148,927.2491173345895,927.2491173345895,927.2491173345895,927.2491173345895,3836,1918,0,0,3836,1918,571564,285782,959000.0,142891000.0,500.0,False,True,3836,1918,0,0,3836,1918,4.8828125e-05,30.306631096820457,0.21960837870073588,0.21960837870073588,0.21960837870073588,False,-0.004593174207848147,4.8828125e-05,True
trial,149,149,148,927.2527125255552,927.2527125255552,927.2491173345895,927.2491173345895,3836,1918,0,0,3836,1918,575400,287700,959000.0,143850000.0,500.0,False,True,3836,1918,0,0,3836,1918,9.765625e-05,33.08268095888547,-0.36139254435094004,-0.36139254435094004,-0.36139254435094004,False,-0.009948160309085605,9.765625e-05,False
trial,150,150,150,927.2474775091957,927.2474775091957,927.2474775091957,927.2474775091957,3836,1918,0,0,3836,1918,579236,289618,959000.0,144809000.0,500.0,False,True,3836,1918,0,0,3836,1918,4.8828125e-05,33.08268095888547,0.3132932154032222,0.3132932154032222,0.3132932154032222,False,-0.005234155459397702,4.8828125e-05,True
trial,151,151,150,927.2518315319824,927.2518315319824,927.2474775091957,927.2474775091957,3836,1918,0,0,3836,1918,583072,291536,959000.0,145768000.0,500.0,False,True,3836,1918,0,0,3836,1918,9.765625e-05,30.42282204754601,-0.4972103806866168,-0.4972103806866168,-0.4972103806866168,False,-0.008756902421498397,9.765625e-05,False
trial,152,152,152,927.2464446669064,927.2464446669064,927.2464446669064,927.2464446669064,3836,1918,0,0,3836,1918,586908,293454,959000.0,146727000.0,500.0,False,True,3836,1918,0,0,3836,1918,4.8828125e-05,30.42282204754601,0.2234803052375945,0.2234803052375945,0.2234803052375945,False,-0.004621625553120947,4.8828125e-05,True
trial,153,153,152,927.2501886695891,927.2501886695891,927.2464446669064,927.2464446669064,3836,1918,0,0,3836,1918,590744,295372,959000.0,147686000.0,500.0,False,True,3836,1918,0,0,3836,1918,9.765625e-05,33.02128833756915,-0.37585053614221275,-0.37585053614221275,-0.37585053614221275,False,-0.009961413707375917,9.765625e-05,False
trial,154,154,154,927.2447997448498,927.2447997448498,927.2447997448498,927.2447997448498,3836,1918,0,0,3836,1918,594580,297290,959000.0,148645000.0,500.0,False,True,3836,1918,0,0,3836,1918,4.8828125e-05,33.02128833756915,0.3155373358702398,0.3155373358702398,0.3155373358702398,False,-0.005213082160461257,4.8828125e-05,True
trial,155,155,154,927.2494581797689,927.2494581797689,927.2447997448498,927.2447997448498,3836,1918,0,0,3836,1918,598416,299208,959000.0,149604000.0,500.0,False,True,3836,1918,0,0,3836,1918,9.765625e-05,30.439246980870138,-0.529722936644279,-0.529722936644279,-0.529722936644279,False,-0.008794097058692217,9.765625e-05,False
trial,156,156,156,927.2437700123454,927.2437700123454,927.2437700123454,927.2437700123454,3836,1918,0,0,3836,1918,602252,301126,959000.0,150563000.0,500.0,False,True,3836,1918,0,0,3836,1918,4.8828125e-05,30.439246980870138,0.22363307527732798,0.22363307527732798,0.22363307527732798,False,-0.004604562644223618,4.8828125e-05,True
trial,157,157,156,927.2474985288143,927.2474985288143,927.2437700123454,927.2437700123454,3836,1918,0,0,3836,1918,606088,303044,959000.0,151522000.0,500.0,False,True,3836,1918,0,0,3836,1918,9.765625e-05,32.946330820138066,-0.3742472726848573,-0.3742472726848573,-0.3742472726848573,False,-0.009962708457752656,9.765625e-05,False
trial,158,158,158,927.2421207626974,927.2421207626974,927.2421207626974,927.2421207626974,3836,1918,0,0,3836,1918,609924,304962,959000.0,152481000.0,500.0,False,True,3836,1918,0,0,3836,1918,4.8828125e-05,32.946330820138066,0.31656605740462485,0.31656605740462485,0.31656605740462485,False,-0.005209812010677968,4.8828125e-05,True
trial,159,159,158,927.2467748371718,927.2467748371718,927.2421207626974,927.2421207626974,3836,1918,0,0,3836,1918,613760,306880,959000.0,153440000.0,500.0,False,True,3836,1918,0,0,3836,1918,9.765625e-05,30.488136060312183,-0.5301720216785026,-0.5301720216785026,-0.5301720216785026,False,-0.008778423387287241,9.765625e-05,False
trial,160,160,160,927.2410834881662,927.2410834881662,927.2410834881662,927.2410834881662,3836,1918,0,0,3836,1918,617596,308798,959000.0,154399000.0,500.0,False,True,3836,1918,0,0,3836,1918,4.8828125e-05,30.488136060312183,0.225004390978561,0.225004390978561,0.225004390978561,False,-0.0046100190609105135,4.8828125e-05,True
trial,161,161,160,927.2447830468927,927.2447830468927,927.2410834881662,927.2410834881662,3836,1918,0,0,3836,1918,621432,310716,959000.0,155358000.0,500.0,False,True,3836,1918,0,0,3836,1918,9.765625e-05,32.896840898074316,-0.37064963418217595,-0.37064963418217595,-0.37064963418217595,False,-0.009981282551996573,9.765625e-05,False
trial,162,162,162,927.2394484707343,927.2394484707343,927.2394484707343,927.2394484707343,3836,1918,0,0,3836,1918,625268,312634,959000.0,156317000.0,500.0,False,True,3836,1918,0,0,3836,1918,4.8828125e-05,32.896840898074316,0.31236101868501914,0.31236101868501914,0.31236101868501914,False,-0.0052343837230130405,4.8828125e-05,True
trial,163,163,162,927.2440322893771,927.2440322893771,927.2394484707343,927.2394484707343,3836,1918,0,0,3836,1918,629104,314552,959000.0,157276000.0,500.0,False,True,3836,1918,0,0,3836,1918,9.765625e-05,30.877566739549568,-0.5147808953530197,-0.5147808953530197,-0.5147808953530197,False,-0.008904407067508916,9.765625e-05,False
trial,164,164,164,927.2383493711604,927.2383493711604,927.2383493711604,927.2383493711604,3836,1918,0,0,3836,1918,632940,316470,959000.0,158235000.0,500.0,False,True,3836,1918,0,0,3836,1918,4.8828125e-05,30.877566739549568,0.2354973187415264,0.2354973187415264,0.2354973187415264,False,-0.004667142622661801,4.8828125e-05,True
trial,165,165,164,927.2421167372628,927.2421167372628,927.2383493711604,927.2383493711604,3836,1918,0,0,3836,1918,636776,318388,959000.0,159194000.0,500.0,False,True,3836,1918,0,0,3836,1918,9.765625e-05,32.65751477782188,-0.38036411973791573,-0.38036411973791573,-0.38036411973791573,False,-0.009904630607502336,9.765625e-05,False
trial,166,166,166,927.2367514017209,927.2367514017209,927.2367514017209,927.2367514017209,3836,1918,0,0,3836,1918,640612,320306,959000.0,160153000.0,500.0,False,True,3836,1918,0,0,3836,1918,4.8828125e-05,32.65751477782188,0.3081324114087226,0.3081324114087226,0.3081324114087226,False,-0.00518598297482775,4.8828125e-05,True
trial,167,167,166,927.2413249118574,927.2413249118574,927.2367514017209,927.2367514017209,3836,1918,0,0,3836,1918,644448,322224,959000.0,161112000.0,500.0,False,True,3836,1918,0,0,3836,1918,9.765625e-05,31.076005514580505,-0.5088463611023607,-0.5088463611023607,-0.5088463611023607,False,-0.008987998119176966,9.765625e-05,False
trial,168,168,168,927.2355970924667,927.2355970924667,927.2355970924667,927.2355970924667,3836,1918,0,0,3836,1918,648284,324142,959000.0,162071000.0,500.0,False,True,3836,1918,0,0,3836,1918,4.8828125e-05,31.076005514580505,0.24523790480400207,0.24523790480400207,0.24523790480400207,False,-0.004706895759381208,4.8828125e-05,True
trial,169,169,168,927.2393809712343,927.2393809712343,927.2355970924667,927.2355970924667,3836,1918,0,0,3836,1918,652120,326060,959000.0,163030000.0,500.0,False,True,3836,1918,0,0,3836,1918,9.765625e-05,32.59621758922039,-0.3862213897768852,-0.3862213897768852,-0.3862213897768852,False,-0.009797175577772616,9.765625e-05,False
trial,170,170,170,927.2339952302771,927.2339952302771,927.2339952302771,927.2339952302771,3836,1918,0,0,3836,1918,655956,327978,959000.0,163989000.0,500.0,False,True,3836,1918,0,0,3836,1918,4.8828125e-05,32.59621758922039,0.3109995914609756,0.3109995914609756,0.3109995914609756,False,-0.005150689047963554,4.8828125e-05,True
trial,171,171,170,927.2385436870179,927.2385436870179,927.2339952302771,927.2339952302771,3836,1918,0,0,3836,1918,659792,329896,959000.0,164948000.0,500.0,False,True,3836,1918,0,0,3836,1918,9.765625e-05,31.071075719354713,-0.5052558173568131,-0.5052558173568131,-0.5052558173568131,False,-0.009002284752789351,9.765625e-05,False
trial,172,172,172,927.23283692531,927.23283692531,927.23283692531,927.23283692531,3836,1918,0,0,3836,1918,663628,331814,959000.0,165907000.0,500.0,False,True,3836,1918,0,0,3836,1918,4.8828125e-05,31.071075719354713,0.24523419240274422,0.24523419240274422,0.24523419240274422,False,-0.00472326047062179,4.8828125e-05,True
trial,173,173,172,927.2366161142094,927.2366161142094,927.23283692531,927.23283692531,3836,1918,0,0,3836,1918,667464,333732,959000.0,166866000.0,500.0,False,True,3836,1918,0,0,3836,1918,9.765625e-05,32.364230833263086,-0.3836992319430659,-0.3836992319430659,-0.3836992319430659,False,-0.009849352265293236,9.765625e-05,False
trial,174,174,174,927.2312657818754,927.2312657818754,927.2312657818754,927.2312657818754,3836,1918,0,0,3836,1918,671300,335650,959000.0,167825000.0,500.0,False,True,3836,1918,0,0,3836,1918,4.8828125e-05,32.364230833263086,0.3044892662800532,0.3044892662800532,0.3044892662800532,False,-0.005159930442861713,4.8828125e-05,True
trial,175,175,174,927.2357498245858,927.2357498245858,927.2312657818754,927.2312657818754,3836,1918,0,0,3836,1918,675136,337568,959000.0,168784000.0,500.0,False,True,3836,1918,0,0,3836,1918,9.765625e-05,31.56743822732734,-0.49332286753758475,-0.49332286753758475,-0.49332286753758475,False,-0.00908946859235547,9.765625e-05,False
trial,176,176,176,927.2300855794332,927.2300855794332,927.2300855794332,927.2300855794332,3836,1918,0,0,3836,1918,678972,339486,959000.0,169743000.0,500.0,False,True,3836,1918,0,0,3836,1918,4.8828125e-05,31.56743822732734,0.24697426988267665,0.24697426988267665,0.24697426988267665,False,-0.004778645333390027,4.8828125e-05,True
trial,177,177,176,927.2338695170369,927.2338695170369,927.2300855794332,927.2300855794332,3836,1918,0,0,3836,1918,682808,341404,959000.0,170702000.0,500.0,False,True,3836,1918,0,0,3836,1918,9.765625e-05,32.522830337439984,-0.3831696623226957,-0.3831696623226957,-0.3831696623226957,False,-0.009875358035184202,9.765625e-05,False
trial,178,178,178,927.2284986223827,927.2284986223827,927.2284986223827,927.2284986223827,3836,1918,0,0,3836,1918,686644,343322,959000.0,171661000.0,500.0,False,True,3836,1918,0,0,3836,1918,4.8828125e-05,32.522830337439984,0.30627044915278184,0.30627044915278184,0.30627044915278184,False,-0.00518155458627859,4.8828125e-05,True
trial,179,179,178,927.2328115062867,927.2328115062867,927.2284986223827,927.2284986223827,3836,1918,0,0,3836,1918,690480,345240,959000.0,172620000.0,500.0,False,True,3836,1918,0,0,3836,1918,9.765625e-05,31.567342112720674,-0.4746080165330684,-0.4746080165330684,-0.4746080165330684,False,-0.009087254647404319,9.765625e-05,False
trial,180,180,180,927.2272931461533,927.2272931461533,927.2272931461533,927.2272931461533,3836,1918,0,0,3836,1918,694316,347158,959000.0,173579000.0,500.0,False,True,3836,1918,0,0,3836,1918,4.8828125e-05,31.567342112720674,0.2527138319827513,0.2527138319827513,0.2527138319827513,False,-0.004770123661050176,4.8828125e-05,True
trial,181,181,180,927.2309250928512,927.2309250928512,927.2272931461533,927.2272931461533,3836,1918,0,0,3836,1918,698152,349076,959000.0,174538000.0,500.0,False,True,3836,1918,0,0,3836,1918,9.765625e-05,32.269830799653576,-0.37205486007235783,-0.37205486007235783,-0.37205486007235783,False,-0.009761857961336174,9.765625e-05,False
trial,182,182,182,927.225710864743,927.225710864743,927.225710864743,927.225710864743,3836,1918,0,0,3836,1918,701988,350994,959000.0,175497000.0,500.0,False,True,3836,1918,0,0,3836,1918,4.8828125e-05,32.269830799653576,0.3096996784791447,0.3096996784791447,0.3096996784791447,False,-0.0051090831548444085,4.8828125e-05,True
trial,183,183,182,927.230180504421,927.230180504421,927.225710864743,927.225710864743,3836,1918,0,0,3836,1918,705824,352912,959000.0,176456000.0,500.0,False,True,3836,1918,0,0,3836,1918,9.765625e-05,31.590490284522296,-0.491584943466561,-0.491584943466561,-0.491584943466561,False,-0.009092303858097565,9.765625e-05,False
trial,184,184,184,927.2245236324488,927.2245236324488,927.2245236324488,927.2245236324488,3836,1918,0,0,3836,1918,709660,354830,959000.0,177415000.0,500.0,False,True,3836,1918,0,0,3836,1918,4.8828125e-05,31.590490284522296,0.24884782721693155,0.24884782721693155,0.24884782721693155,False,-0.004770916858677151,4.8828125e-05,True
trial,185,185,184,927.2282223890859,927.2282223890859,927.2245236324488,927.2245236324488,3836,1918,0,0,3836,1918,713496,356748,959000.0,178374000.0,500.0,False,True,3836,1918,0,0,3836,1918,9.765625e-05,32.35269139621943,-0.3736991819063189,-0.3736991819063189,-0.3736991819063189,False,-0.009897684598028124,9.765625e-05,False
trial,186,186,186,927.2229201451565,927.2229201451565,927.2229201451565,927.2229201451565,3836,1918,0,0,3836,1918,717332,358666,959000.0,179333000.0,500.0,False,True,3836,1918,0,0,3836,1918,4.8828125e-05,32.35269139621943,0.30966655244650554,0.30966655244650554,0.30966655244650554,False,-0.005178109420057846,4.8828125e-05,True
trial,187,187,186,927.2273643650802,927.2273643650802,927.2229201451565,927.2229201451565,3836,1918,0,0,3836,1918,721168,360584,959000.0,180292000.0,500.0,False,True,3836,1918,0,0,3836,1918,9.765625e-05,31.633611001230836,-0.48787083917867247,-0.48787083917867247,-0.48787083917867247,False,-0.009109419065054334,9.765625e-05,False
trial,188,188,188,927.221724545413,927.221724545413,927.221724545413,927.221724545413,3836,1918,0,0,3836,1918,725004,362502,959000.0,181251000.0,500.0,False,True,3836,1918,0,0,3836,1918,4.8828125e-05,31.633611001230836,0.25017381801609073,0.25017381801609073,0.25017381801609073,False,-0.0047790762157436896,4.8828125e-05,True
trial,189,189,188,927.2253474625142,927.2253474625142,927.221724545413,927.221724545413,3836,1918,0,0,3836,1918,728840,364420,959000.0,182210000.0,500.0,False,True,3836,1918,0,0,3836,1918,9.765625e-05,32.29653394683748,-0.3655800868174853,-0.3655800868174853,-0.3655800868174853,False,-0.009910050442397402,9.765625e-05,False
trial,190,190,190,927.22009940455,927.22009940455,927.22009940455,927.22009940455,3836,1918,0,0,3836,1918,732676,366338,959000.0,183169000.0,500.0,False,True,3836,1918,0,0,3836,1918,4.8828125e-05,32.29653394683748,0.31263253204369246,0.31263253204369246,0.31263253204369246,False,-0.00519824617250874,4.8828125e-05,True
trial,191,191,190,927.2245239697361,927.2245239697361,927.22009940455,927.22009940455,3836,1918,0,0,3836,1918,736512,368256,959000.0,184128000.0,500.0,False,True,3836,1918,0,0,3836,1918,9.765625e-05,31.69152148872113,-0.484807160695399,-0.484807160695399,-0.484807160695399,False,-0.009126443552898267,9.765625e-05,False
trial,192,192,192,927.2188732653971,927.2188732653971,927.2188732653971,927.2188732653971,3836,1918,0,0,3836,1918,740348,370174,959000.0,185087000.0,500.0,False,True,3836,1918,0,0,3836,1918,4.8828125e-05,31.69152148872113,0.25622788279480807,0.25622788279480807,0.25622788279480807,False,-0.004785346307813235,4.8828125e-05,True
trial,193,193,192,927.2225866594192,927.2225866594192,927.2188732653971,927.2188732653971,3836,1918,0,0,3836,1918,744184,372092,959000.0,186046000.0,500.0,False,True,3836,1918,0,0,3836,1918,9.765625e-05,32.1774697509987,-0.37545996002730947,-0.37545996002730947,-0.37545996002730947,False,-0.009890253069558836,9.765625e-05,False
trial,194,194,194,927.217225477035,927.217225477035,927.217225477035,927.217225477035,3836,1918,0,0,3836,1918,748020,374010,959000.0,187005000.0,500.0,False,True,3836,1918,0,0,3836,1918,4.8828125e-05,32.1774697509987,0.3185922312817292,0.3185922312817292,0.3185922312817292,False,-0.005172092098659211,4.8828125e-05,True
trial,195,195,194,927.2214317841806,927.2214317841806,927.217225477035,927.217225477035,3836,1918,0,0,3836,1918,751856,375928,959000.0,187964000.0,500.0,False,True,3836,1918,0,0,3836,1918,9.765625e-05,31.820060564913835,-0.4643226522904102,-0.4643226522904102,-0.4643226522904102,False,-0.009059017743131828,9.765625e-05,False
trial,196,196,196,927.216049092828,927.216049092828,927.216049092828,927.216049092828,3836,1918,0,0,3836,1918,755692,377846,959000.0,188923000.0,500.0,False,True,3836,1918,0,0,3836,1918,4.8828125e-05,31.820060564913835,0.2465607325928748,0.2465607325928748,0.2465607325928748,False,-0.0047711742034406805,4.8828125e-05,True
trial,197,197,196,927.2196516403445,927.2196516403445,927.216049092828,927.216049092828,3836,1918,0,0,3836,1918,759528,379764,959000.0,189882000.0,500.0,False,True,3836,1918,0,0,3836,1918,9.765625e-05,32.40703408837815,-0.35943663248972657,-0.35943663248972657,-0.35943663248972657,False,-0.010022761151359073,9.765625e-05,False
trial,198,198,198,927.2143780061729,927.2143780061729,927.2143780061729,927.2143780061729,3836,1918,0,0,3836,1918,763364,381682,959000.0,190841000.0,500.0,False,True,3836,1918,0,0,3836,1918,4.8828125e-05,32.40703408837815,0.31722186140636394,0.31722186140636394,0.31722186140636394,False,-0.005267879860978822,4.8828125e-05,True
trial,199,199,198,927.2187915456365,927.2187915456365,927.2143780061729,927.2143780061729,3836,1918,0,0,3836,1918,767200,383600,959000.0,191800000.0,500.0,False,True,3836,1918,0,0,3836,1918,9.765625e-05,31.848929344731925,-0.48343031574886713,-0.48343031574886713,-0.48343031574886713,False,-0.009129629069210941,9.765625e-05,False
trial,200,200,200,927.2131814444401,927.2131814444401,927.2131814444401,927.2131814444401,3836,1918,0,0,3836,1918,771036,385518,959000.0,192759000.0,500.0,False,True,3836,1918,0,0,3836,1918,4.8828125e-05,31.848929344731925,0.2498692662248014,0.2498692662248014,0.2498692662248014,False,-0.004788751137020596,4.8828125e-05,True
trial,201,201,200,927.2168306294279,927.2168306294279,927.2131814444401,927.2131814444401,3836,1918,0,0,3836,1918,774872,387436,959000.0,193718000.0,500.0,False,True,3836,1918,0,0,3836,1918,9.765625e-05,32.404629291987085,-0.36353679709086134,-0.36353679709086134,-0.36353679709086134,False,-0.010038007203148305,9.765625e-05,False
trial,202,202,202,927.2114904225341,927.2114904225341,927.2114904225341,927.2114904225341,3836,1918,0,0,3836,1918,778708,389354,959000.0,194677000.0,500.0,False,True,3836,1918,0,0,3836,1918,4.8828125e-05,32.404629291987085,0.32190922959962376,0.32190922959962376,0.32190922959962376,False,-0.005253101652691513,4.8828125e-05,True
trial,203,203,202,927.21574087297,927.21574087297,927.2114904225341,927.2114904225341,3836,1918,0,0,3836,1918,782544,391272,959000.0,195636000.0,500.0,False,True,3836,1918,0,0,3836,1918,9.765625e-05,31.737320793121313,-0.4683103656952046,-0.4683103656952046,-0.4683103656952046,False,-0.009076139985793017,9.765625e-05,False
trial,204,204,204,927.2103010802467,927.2103010802467,927.2103010802467,927.2103010802467,3836,1918,0,0,3836,1918,786380,393190,959000.0,196595000.0,500.0,False,True,3836,1918,0,0,3836,1918,4.8828125e-05,31.737320793121313,0.2499378167177658,0.2499378167177658,0.2499378167177658,False,-0.004758552759218767,4.8828125e-05,True
trial,205,205,204,927.2138727296236,927.2138727296236,927.2103010802467,927.2103010802467,3836,1918,0,0,3836,1918,790216,395108,959000.0,197554000.0,500.0,False,True,3836,1918,0,0,3836,1918,9.765625e-05,32.32514638779369,-0.356600150783075,-0.356600150783075,-0.356600150783075,False,-0.010015838100644457,9.765625e-05,False
trial,206,206,206,927.2086376058194,927.2086376058194,927.2086376058194,927.2086376058194,3836,1918,0,0,3836,1918,794052,397026,959000.0,198513000.0,500.0,False,True,3836,1918,0,0,3836,1918,4.8828125e-05,32.32514638779369,0.316061363167287,0.316061363167287,0.316061363167287,False,-0.005263137546064405,4.8828125e-05,True
trial,207,207,206,927.2129737484465,927.2129737484465,927.2086376058194,927.2086376058194,3836,1918,0,0,3836,1918,797888,398944,959000.0,199472000.0,500.0,False,True,3836,1918,0,0,3836,1918,9.765625e-05,32.20427632837523,-0.47067465357717286,-0.47067465357717286,-0.47067465357717286,False,-0.009212611289343905,9.765625e-05,False
trial,208,208,208,927.2073980624943,927.2073980624943,927.2073980624943,927.2073980624943,3836,1918,0,0,3836,1918,801724,400862,959000.0,200431000.0,500.0,False,True,3836,1918,0,0,3836,1918,4.8828125e-05,32.20427632837523,0.25675750277300075,0.25675750277300075,0.25675750277300075,False,-0.0048276810283651396,4.8828125e-05,True
trial,209,209,208,927.2108705591522,927.2108705591522,927.2073980624943,927.2073980624943,3836,1918,0,0,3836,1918,805560,402780,959000.0,201390000.0,500.0,False,True,3836,1918,0,0,3836,1918,9.765625e-05,32.28569996658379,-0.3486119035564793,-0.3486119035564793,-0.3486119035564793,False,-0.009960923945660016,9.765625e-05,False
trial,210,210,210,927.205741133789,927.205741133789,927.205741133789,927.205741133789,3836,1918,0,0,3836,1918,809396,404698,959000.0,202349000.0,500.0,False,True,3836,1918,0,0,3836,1918,4.8828125e-05,32.28569996658379,0.3156134404333145,0.3156134404333145,0.3156134404333145,False,-0.005249867378989971,4.8828125e-05,True
trial,211,211,210,927.2099485824249,927.2099485824249,927.205741133789,927.205741133789,3836,1918,0,0,3836,1918,813232,406616,959000.0,203308000.0,500.0,False,True,3836,1918,0,0,3836,1918,9.765625e-05,32.332697744471886,-0.45457858109836063,-0.45457858109836063,-0.45457858109836063,False,-0.009255712457178829,9.765625e-05,False
trial,212,212,212,927.2044760274358,927.2044760274358,927.2044760274358,927.2044760274358,3836,1918,0,0,3836,1918,817068,408534,959000.0,204267000.0,500.0,False,True,3836,1918,0,0,3836,1918,4.8828125e-05,32.332697744471886,0.2609014094203774,0.2609014094203774,0.2609014094203774,False,-0.004848982441455085,4.8828125e-05,True
trial,213,213,212,927.2080561683217,927.2080561683217,927.2044760274358,927.2044760274358,3836,1918,0,0,3836,1918,820904,410452,959000.0,205226000.0,500.0,False,True,3836,1918,0,0,3836,1918,9.765625e-05,32.22637154586207,-0.3597014320060961,-0.3597014320060961,-0.3597014320060961,False,-0.00995309044485776,9.765625e-05,False
trial,214,214,214,927.2028234403707,927.2028234403707,927.2028234403707,927.2028234403707,3836,1918,0,0,3836,1918,824740,412370,959000.0,206185000.0,500.0,False,True,3836,1918,0,0,3836,1918,4.8828125e-05,32.22637154586207,0.3157143628908362,0.3157143628908362,0.3157143628908362,False,-0.005234437388205908,4.8828125e-05,True
trial,215,215,214,927.2070676575934,927.2070676575934,927.2028234403707,927.2028234403707,3836,1918,0,0,3836,1918,828576,414288,959000.0,207144000.0,500.0,False,True,3836,1918,0,0,3836,1918,9.765625e-05,32.473734870371636,-0.4565845772635898,-0.4565845772635898,-0.4565845772635898,False,-0.00929557727967816,9.765625e-05,False
trial,216,216,216,927.2015453897122,927.2015453897122,927.2015453897122,927.2015453897122,3836,1918,0,0,3836,1918,832412,416206,959000.0,208103000.0,500.0,False,True,3836,1918,0,0,3836,1918,4.8828125e-05,32.473734870371636,0.2623230187808559,0.2623230187808559,0.2623230187808559,False,-0.004872049217831321,4.8828125e-05,True
trial,217,217,216,927.2052118421286,927.2052118421286,927.2015453897122,927.2015453897122,3836,1918,0,0,3836,1918,836248,418124,959000.0,209062000.0,500.0,False,True,3836,1918,0,0,3836,1918,9.765625e-05,32.324000681275116,-0.3657452099368809,-0.3657452099368809,-0.3657452099368809,False,-0.01002460816100714,9.765625e-05,False
trial,218,218,218,927.1998682625117,927.1998682625117,927.1998682625117,927.1998682625117,3836,1918,0,0,3836,1918,840084,420042,959000.0,210021000.0,500.0,False,True,3836,1918,0,0,3836,1918,4.8828125e-05,32.324000681275116,0.31944148062460415,0.31944148062460415,0.31944148062460415,False,-0.005250186034881428,4.8828125e-05,True
trial,219,219,218,927.2040533331347,927.2040533331347,927.1998682625117,927.1998682625117,3836,1918,0,0,3836,1918,843920,421960,959000.0,210980000.0,500.0,False,True,3836,1918,0,0,3836,1918,9.765625e-05,32.37394953100643,-0.45125646073863984,-0.45125646073863984,-0.45125646073863984,False,-0.009274261948742276,9.765625e-05,False
trial,220,220,220,927.1985906609441,927.1985906609441,927.1985906609441,927.1985906609441,3836,1918,0,0,3836,1918,847756,423878,959000.0,211939000.0,500.0,False,True,3836,1918,0,0,3836,1918,4.8828125e-05,32.37394953100643,0.2635996562311449,0.2635996562311449,0.2635996562311449,False,-0.004846749748747179,4.8828125e-05,True
trial,221,221,220,927.2022614887823,927.2022614887823,927.1985906609441,927.1985906609441,3836,1918,0,0,3836,1918,851592,425796,959000.0,212898000.0,500.0,False,True,3836,1918,0,0,3836,1918,9.765625e-05,32.23283711657655,-0.3666984054643537,-0.3666984054643537,-0.3666984054643537,False,-0.010010482138626849,9.765625e-05,False
trial,222,222,222,927.1969359200449,927.1969359200449,927.1969359200449,927.1969359200449,3836,1918,0,0,3836,1918,855428,427714,959000.0,213857000.0,500.0,False,True,3836,1918,0,0,3836,1918,4.8828125e-05,32.23283711657655,0.3157373923408912,0.3157373923408912,0.3157373923408912,False,-0.005240877195222067,4.8828125e-05,True
trial,223,223,222,927.2010990816518,927.2010990816518,927.1969359200449,927.1969359200449,3836,1918,0,0,3836,1918,859264,429632,959000.0,214816000.0,500.0,False,True,3836,1918,0,0,3836,1918,9.765625e-05,32.78555024431108,-0.4445722035350917,-0.4445722035350917,-0.4445722035350917,False,-0.009364421738069147,9.765625e-05,False
trial,224,224,224,927.195623243503,927.195623243503,927.195623243503,927.195623243503,3836,1918,0,0,3836,1918,863100,431550,959000.0,215775000.0,500.0,False,True,3836,1918,0,0,3836,1918,4.8828125e-05,32.78555024431108,0.2674608126770711,0.2674608126770711,0.2674608126770711,False,-0.004907921010199732,4.8828125e-05,True
trial,225,225,224,927.1992881523155,927.1992881523155,927.195623243503,927.195623243503,3836,1918,0,0,3836,1918,866936,433468,959000.0,216734000.0,500.0,False,True,3836,1918,0,0,3836,1918,9.765625e-05,32.33668502159582,-0.36533704599226446,-0.36533704599226446,-0.36533704599226446,False,-0.010031582761021913,9.765625e-05,False
trial,226,226,226,927.193929192001,927.193929192001,927.193929192001,927.193929192001,3836,1918,0,0,3836,1918,870772,435386,959000.0,217693000.0,500.0,False,True,3836,1918,0,0,3836,1918,4.8828125e-05,32.33668502159582,0.3228297234625731,0.3228297234625731,0.3228297234625731,False,-0.0052475078311555665,4.8828125e-05,True
trial,227,227,226,927.1981101818841,927.1981101818841,927.193929192001,927.193929192001,3836,1918,0,0,3836,1918,874608,437304,959000.0,218652000.0,500.0,False,True,3836,1918,0,0,3836,1918,9.765625e-05,32.60194493125324,-0.4492088674777836,-0.4492088674777836,-0.4492088674777836,False,-0.009307451802129978,9.765625e-05,False
trial,228,228,228,927.1926099278712,927.1926099278712,927.1926099278712,927.1926099278712,3836,1918,0,0,3836,1918,878444,439222,959000.0,219611000.0,500.0,False,True,3836,1918,0,0,3836,1918,4.8828125e-05,32.60194493125324,0.27219162769595245,0.27219162769595245,0.27219162769595245,False,-0.004846821119742061,4.8828125e-05,True
trial,229,229,228,927.1962208838836,927.1962208838836,927.1926099278712,927.1926099278712,3836,1918,0,0,3836,1918,882280,441140,959000.0,220570000.0,500.0,False,True,3836,1918,0,0,3836,1918,9.765625e-05,32.082404691628646,-0.3639143749902009,-0.3639143749902009,-0.3639143749902009,False,-0.009922542940156502,9.765625e-05,False
trial,230,230,230,927.1909625622557,927.1909625622557,927.1909625622557,927.1909625622557,3836,1918,0,0,3836,1918,886116,443058,959000.0,221529000.0,500.0,False,True,3836,1918,0,0,3836,1918,4.8828125e-05,32.082404691628646,0.3160651790277611,0.3160651790277611,0.3160651790277611,False,-0.005212107264145395,4.8828125e-05,True
trial,231,231,230,927.1949939776396,927.1949939776396,927.1909625622557,927.1909625622557,3836,1918,0,0,3836,1918,889952,444976,959000.0,222488000.0,500.0,False,True,3836,1918,0,0,3836,1918,9.765625e-05,33.2831160294944,-0.4280839111054412,-0.4280839111054412,-0.4280839111054412,False,-0.009417348513509777,9.765625e-05,False
trial,232,232,232,927.1896029659819,927.1896029659819,927.1896029659819,927.1896029659819,3836,1918,0,0,3836,1918,893788,446894,959000.0,223447000.0,500.0,False,True,3836,1918,0,0,3836,1918,4.8828125e-05,33.2831160294944,0.2751369245358144,0.2751369245358144,0.2751369245358144,False,-0.004941526027793887,4.8828125e-05,True
trial,233,233,232,927.1932485125158,927.1932485125158,927.1896029659819,927.1896029659819,3836,1918,0,0,3836,1918,897624,448812,959000.0,224406000.0,500.0,False,True,3836,1918,0,0,3836,1918,9.765625e-05,31.986896675889447,-0.3645680910036668,-0.3645680910036668,-0.3645680910036668,False,-0.009999631410052496,9.765625e-05,False
trial,234,234,234,927.1879494669555,927.1879494669555,927.1879494669555,927.1879494669555,3836,1918,0,0,3836,1918,901460,450730,959000.0,225365000.0,500.0,False,True,3836,1918,0,0,3836,1918,4.8828125e-05,31.986896675889447,0.31599356267523016,0.31599356267523016,0.31599356267523016,False,-0.005232698452342296,4.8828125e-05,True
trial,235,235,234,927.191919886908,927.191919886908,927.1879494669555,927.1879494669555,3836,1918,0,0,3836,1918,905296,452648,959000.0,226324000.0,500.0,False,True,3836,1918,0,0,3836,1918,9.765625e-05,33.344294547836476,-0.4205287623860823,-0.4205287623860823,-0.4205287623860823,False,-0.009441494393686637,9.765625e-05,False
trial,236,236,236,927.1865809975122,927.1865809975122,927.1865809975122,927.1865809975122,3836,1918,0,0,3836,1918,909132,454566,959000.0,227283000.0,500.0,False,True,3836,1918,0,0,3836,1918,4.8828125e-05,33.344294547836476,0.27602256023626676,0.27602256023626676,0.27602256023626676,False,-0.004957817368597364,4.8828125e-05,True
trial,237,237,236,927.1902247144159,927.1902247144159,927.1865809975122,927.1865809975122,3836,1918,0,0,3836,1918,912968,456484,959000.0,228242000.0,500.0,False,True,3836,1918,0,0,3836,1918,9.765625e-05,32.15919597880476,-0.3634122369288142,-0.3634122369288142,-0.3634122369288142,False,-0.010026401241829118,9.765625e-05,False
trial,238,238,238,927.1848988979405,927.1848988979405,927.1848988979405,927.1848988979405,3836,1918,0,0,3836,1918,916804,458402,959000.0,229201000.0,500.0,False,True,3836,1918,0,0,3836,1918,4.8828125e-05,32.15919597880476,0.3205859187494319,0.3205859187494319,0.3205859187494319,False,-0.005246954009528726,4.8828125e-05,True
trial,239,239,238,927.1889514618701,927.1889514618701,927.1848988979405,927.1848988979405,3836,1918,0,0,3836,1918,920640,460320,959000.0,230160000.0,500.0,False,True,3836,1918,0,0,3836,1918,9.765625e-05,33.25962089235406,-0.42909020057188435,-0.42909020057188435,-0.42909020057188435,False,-0.00944455017683702,9.765625e-05,False
trial,240,240,240,927.183532641304,927.183532641304,927.183532641304,927.183532641304,3836,1918,0,0,3836,1918,924476,462238,959000.0,231119000.0,500.0,False,True,3836,1918,0,0,3836,1918,4.8828125e-05,33.25962089235406,0.27688830411035353,0.27688830411035353,0.27688830411035353,False,-0.004934324115970481,4.8828125e-05,True
trial,241,241,240,927.1871251940222,927.1871251940222,927.183532641304,927.183532641304,3836,1918,0,0,3836,1918,928312,464156,959000.0,232078000.0,500.0,False,True,3836,1918,0,0,3836,1918,9.765625e-05,32.12752710454231,-0.3586677908926685,-0.3586677908926685,-0.3586677908926685,False,-0.010016379528267297,9.765625e-05,False
trial,242,242,242,927.1818737005431,927.1818737005431,927.1818737005431,927.1818737005431,3836,1918,0,0,3836,1918,932148,466074,959000.0,233037000.0,500.0,False,True,3836,1918,0,0,3836,1918,4.8828125e-05,32.12752710454231,0.31575985628331366,0.31575985628331366,0.31575985628331366,False,-0.005253805155971,4.8828125e-05,True
trial,243,243,242,927.185845724072,927.185845724072,927.1818737005431,927.1818737005431,3836,1918,0,0,3836,1918,935984,467992,959000.0,233996000.0,500.0,False,True,3836,1918,0,0,3836,1918,9.765625e-05,33.754519375889096,-0.41648806988261733,-0.41648806988261733,-0.41648806988261733,False,-0.009536944311669175,9.765625e-05,False
trial,244,244,244,927.1804594698992,927.1804594698992,927.1804594698992,927.1804594698992,3836,1918,0,0,3836,1918,939820,469910,959000.0,234955000.0,500.0,False,True,3836,1918,0,0,3836,1918,4.8828125e-05,33.754519375889096,0.28269576250169887,0.28269576250169887,0.28269576250169887,False,-0.005002659506872221,4.8828125e-05,True
trial,245,245,244,927.1840726202489,927.1840726202489,927.1804594698992,927.1804594698992,3836,1918,0,0,3836,1918,943656,471828,959000.0,235914000.0,500.0,False,True,3836,1918,0,0,3836,1918,9.765625e-05,32.1194613256266,-0.36157470700619987,-0.36157470700619987,-0.36157470700619987,False,-0.009992818301909219,9.765625e-05,False
trial,246,246,246,927.1788091304106,927.1788091304106,927.1788091304106,927.1788091304106,3836,1918,0,0,3836,1918,947492,473746,959000.0,236873000.0,500.0,False,True,3836,1918,0,0,3836,1918,4.8828125e-05,32.1194613256266,0.3148342828686031,0.3148342828686031,0.3148342828686031,False,-0.005241930686737176,4.8828125e-05,True
trial,247,247,246,927.1827495699919,927.1827495699919,927.1788091304106,927.1788091304106,3836,1918,0,0,3836,1918,951328,475664,959000.0,237832000.0,500.0,False,True,3836,1918,0,0,3836,1918,9.765625e-05,33.906066137772925,-0.41063448863871027,-0.41063448863871027,-0.41063448863871027,False,-0.009595978151531983,9.765625e-05,False
trial,248,248,248,927.177364294763,927.177364294763,927.177364294763,927.177364294763,3836,1918,0,0,3836,1918,955164,477582,959000.0,238791000.0,500.0,False,True,3836,1918,0,0,3836,1918,4.8828125e-05,33.906066137772925,0.2878500522237876,0.2878500522237876,0.2878500522237876,False,-0.005019403805653265,4.8828125e-05,True
trial,249,249,248,927.1810355840009,927.1810355840009,927.177364294763,927.177364294763,3836,1918,0,0,3836,1918,959000,479500,959000.0,239750000.0,500.0,False,True,3836,1918,0,0,3836,1918,9.765625e-05,32.00860664662363,-0.3682481112175578,-0.3682481112175578,-0.3682481112175578,False,-0.009969607789056898,9.765625e-05,False
trial,250,250,250,927.175724351728,927.175724351728,927.175724351728,927.175724351728,3836,1918,0,0,3836,1918,962836,481418,959000.0,240709000.0,500.0,False,True,3836,1918,0,0,3836,1918,4.8828125e-05,32.00860664662363,0.3143966813962539,0.3143966813962539,0.3143966813962539,False,-0.005216158859307776,4.8828125e-05,True
trial,251,251,250,927.1796207380016,927.1796207380016,927.175724351728,927.175724351728,3836,1918,0,0,3836,1918,966672,483336,959000.0,241668000.0,500.0,False,True,3836,1918,0,0,3836,1918,9.765625e-05,34.04040032003762,-0.4057940591764604,-0.4057940591764604,-0.4057940591764604,False,-0.009601881016944858,9.765625e-05,False
trial,252,252,252,927.1742614851871,927.1742614851871,927.1742614851871,927.1742614851871,3836,1918,0,0,3836,1918,970508,485254,959000.0,242627000.0,500.0,False,True,3836,1918,0,0,3836,1918,4.8828125e-05,34.04040032003762,0.29044665982248397,0.29044665982248397,0.29044665982248397,False,-0.0050366099641606255,4.8828125e-05,True
trial,253,253,252,927.1779285301607,927.1779285301607,927.1742614851871,927.1742614851871,3836,1918,0,0,3836,1918,974344,487172,959000.0,243586000.0,500.0,False,True,3836,1918,0,0,3836,1918,9.765625e-05,32.02563979638843,-0.36755659747323366,-0.36755659747323366,-0.36755659747323366,False,-0.009976817172546875,9.765625e-05,False
trial,254,254,254,927.1726138557881,927.1726138557881,927.1726138557881,927.1726138557881,3836,1918,0,0,3836,1918,978180,489090,959000.0,244545000.0,500.0,False,True,3836,1918,0,0,3836,1918,4.8828125e-05,32.02563979638843,0.3157404005813866,0.3157404005813866,0.3157404005813866,False,-0.005218304011767249,4.8828125e-05,True
trial,255,255,254,927.1764583501742,927.1764583501742,927.1726138557881,927.1726138557881,3836,1918,0,0,3836,1918,982016,491008,959000.0,245504000.0,500.0,False,True,3836,1918,0,0,3836,1918,9.765625e-05,34.141043203529854,-0.39715202973520003,-0.39715202973520003,-0.39715202973520003,False,-0.00968015797054104,9.765625e-05,False
trial,256,256,256,927.1711281971504,927.1711281971504,927.1711281971504,927.1711281971504,3836,1918,0,0,3836,1918,985852,492926,959000.0,246463000.0,500.0,False,True,3836,1918,0,0,3836,1918,4.8828125e-05,34.141043203529854,0.2936233557096992,0.2936233557096992,0.2936233557096992,False,-0.005059742723998443,4.8828125e-05,True
trial,257,257,256,927.1747876639837,927.1747876639837,927.1711281971504,927.1711281971504,3836,1918,0,0,3836,1918,989688,494844,959000.0,247422000.0,500.0,False,True,3836,1918,0,0,3836,1918,9.765625e-05,31.99851790877802,-0.366475539172625,-0.366475539172625,-0.366475539172625,False,-0.009985569136530299,9.765625e-05,False
trial,258,258,258,927.169470763592,927.169470763592,927.169470763592,927.169470763592,3836,1918,0,0,3836,1918,993524,496762,959000.0,248381000.0,500.0,False,True,3836,1918,0,0,3836,1918,4.8828125e-05,31.99851790877802,0.3175934463040711,0.3175934463040711,0.3175934463040711,False,-0.005218727205202144,4.8828125e-05,True
trial,259,259,258,927.1732575080566,927.1732575080566,927.169470763592,927.169470763592,3836,1918,0,0,3836,1918,997360,498680,959000.0,249340000.0,500.0,False,True,3836,1918,0,0,3836,1918,9.765625e-05,34.258012401419336,-0.391110054740046,-0.391110054740046,-0.391110054740046,False,-0.009682043247704917,9.765625e-05,False
trial,260,260,260,927.1679767477576,927.1679767477576,927.1679767477576,927.1679767477576,3836,1918,0,0,3836,1918,1001196,500598,959000.0,250299000.0,500.0,False,True,3836,1918,0,0,3836,1918,4.8828125e-05,34.258012401419336,0.2948008735918937,0.2948008735918937,0.2948008735918937,False,-0.005067881299647562,4.8828125e-05,True
trial,261,261,260,927.1715291579383,927.1715291579383,927.1679767477576,927.1679767477576,3836,1918,0,0,3836,1918,1005032,502516,959000.0,251258000.0,500.0,False,True,3836,1918,0,0,3836,1918,9.765625e-05,32.028545070911726,-0.3554575102541442,-0.3554575102541442,-0.3554575102541442,False,-0.009993909477692563,9.765625e-05,False
trial,262,262,262,927.1663086455903,927.1663086455903,927.1663086455903,927.1663086455903,3836,1918,0,0,3836,1918,1008868,504434,959000.0,252217000.0,500.0,False,True,3836,1918,0,0,3836,1918,4.8828125e-05,32.028545070911726,0.3188163104092117,0.3188163104092117,0.3188163104092117,False,-0.0052321732383941305,4.8828125e-05,True
trial,263,263,262,927.170108023971,927.170108023971,927.1663086455903,927.1663086455903,3836,1918,0,0,3836,1918,1012704,506352,959000.0,253176000.0,500.0,False,True,3836,1918,0,0,3836,1918,9.765625e-05,34.36795930035484,-0.39094162938118765,-0.39094162938118765,-0.39094162938118765,False,-0.009718531092968651,9.765625e-05,False
trial,264,264,264,927.1648118833966,927.1648118833966,927.1648118833966,927.1648118833966,3836,1918,0,0,3836,1918,1016540,508270,959000.0,254135000.0,500.0,False,True,3836,1918,0,0,3836,1918,4.8828125e-05,34.36795930035484,0.2946407406285266,0.2946407406285266,0.2946407406285266,False,-0.0050799566635538,4.8828125e-05,True
trial,265,265,264,927.1684201314692,927.1684201314692,927.1648118833966,927.1648118833966,3836,1918,0,0,3836,1918,1020376,510188,959000.0,255094000.0,500.0,False,True,3836,1918,0,0,3836,1918,9.765625e-05,32.21096457876305,-0.35851562078929833,-0.35851562078929833,-0.35851562078929833,False,-0.01006440964742286,9.765625e-05,False
trial,266,266,266,927.1631205594686,927.1631205594686,927.1631205594686,927.1631205594686,3836,1918,0,0,3836,1918,1024212,512106,959000.0,256053000.0,500.0,False,True,3836,1918,0,0,3836,1918,4.8828125e-05,32.21096457876305,0.3210781415046271,0.3210781415046271,0.3210781415046271,False,-0.005267639585009771,4.8828125e-05,True
trial,267,267,266,927.1668743100568,927.1668743100568,927.1631205594686,927.1631205594686,3836,1918,0,0,3836,1918,1028048,514024,959000.0,257012000.0,500.0,False,True,3836,1918,0,0,3836,1918,9.765625e-05,34.37256233727707,-0.385447969393585,-0.385447969393585,-0.385447969393585,False,-0.009738670031414345,9.765625e-05,False
trial,268,268,268,927.1616100412539,927.1616100412539,927.1616100412539,927.1616100412539,3836,1918,0,0,3836,1918,1031884,515942,959000.0,257971000.0,500.0,False,True,3836,1918,0,0,3836,1918,4.8828125e-05,34.37256233727707,0.29717001400641185,0.29717001400641185,0.29717001400641185,False,-0.005083010207887387,4.8828125e-05,True
trial,269,269,268,927.1652236894091,927.1652236894091,927.1616100412539,927.1616100412539,3836,1918,0,0,3836,1918,1035720,517860,959000.0,258930000.0,500.0,False,True,3836,1918,0,0,3836,1918,9.765625e-05,32.23754466665651,-0.3592877182567673,-0.3592877182567673,-0.3592877182567673,False,-0.010057811529908887,9.765625e-05,False
trial,270,270,270,927.1599046127283,927.1599046127283,927.1599046127283,927.1599046127283,3836,1918,0,0,3836,1918,1039556,519778,959000.0,259889000.0,500.0,False,True,3836,1918,0,0,3836,1918,4.8828125e-05,32.23754466665651,0.32372697926494653,0.32372697926494653,0.32372697926494653,False,-0.005268107494417617,4.8828125e-05,True
trial,271,271,270,927.1635198642135,927.1635198642135,927.1599046127283,927.1599046127283,3836,1918,0,0,3836,1918,1043392,521696,959000.0,260848000.0,500.0,False,True,3836,1918,0,0,3836,1918,9.765625e-05,34.52570669480936,-0.37142067332198875,-0.37142067332198875,-0.37142067332198875,False,-0.00973357635944871,9.765625e-05,False
trial,272,272,272,927.158382256449,927.158382256449,927.158382256449,927.158382256449,3836,1918,0,0,3836,1918,1047228,523614,959000.0,261807000.0,500.0,False,True,3836,1918,0,0,3836,1918,4.8828125e-05,34.52570669480936,0.2988638651838939,0.2988638651838939,0.2988638651838939,False,-0.005093811787141438,4.8828125e-05,True
trial,273,273,272,927.161915098513,927.161915098513,927.158382256449,927.158382256449,3836,1918,0,0,3836,1918,1051064,525532,959000.0,262766000.0,500.0,False,True,3836,1918,0,0,3836,1918,9.765625e-05,32.2581146469866,-0.3508768265113653,-0.3508768265113653,-0.3508768265113653,False,-0.010068610398254595,9.765625e-05,False
trial,274,274,274,927.156668189923,927.156668189923,927.156668189923,927.156668189923,3836,1918,0,0,3836,1918,1054900,527450,959000.0,263725000.0,500.0,False,True,3836,1918,0,0,3836,1918,4.8828125e-05,32.2581146469866,0.32464935908855236,0.32464935908855236,0.32464935908855236,False,-0.0052797471426342,4.8828125e-05,True
trial,275,275,274,927.1603600177557,927.1603600177557,927.156668189923,927.156668189923,3836,1918,0,0,3836,1918,1058736,529368,959000.0,264684000.0,500.0,False,True,3836,1918,0,0,3836,1918,9.765625e-05,34.634017844116656,-0.37701372309409814,-0.37701372309409814,-0.37701372309409814,False,-0.009792290323958406,9.765625e-05,False
trial,276,276,276,927.1551293459081,927.1551293459081,927.1551293459081,927.1551293459081,3836,1918,0,0,3836,1918,1062572,531286,959000.0,265643000.0,500.0,False,True,3836,1918,0,0,3836,1918,4.8828125e-05,34.634017844116656,0.30123428280276127,0.30123428280276127,0.30123428280276127,False,-0.005108462425368962,4.8828125e-05,True
trial,277,277,276,927.1587084749718,927.1587084749718,927.1551293459081,927.1551293459081,3836,1918,0,0,3836,1918,1066408,533204,959000.0,266602000.0,500.0,False,True,3836,1918,0,0,3836,1918,9.765625e-05,32.27558777855574,-0.35451797726743833,-0.35451797726743833,-0.35451797726743833,False,-0.010095761832194737,9.765625e-05,False
trial,278,278,278,927.1534306725174,927.1534306725174,927.1534306725174,927.1534306725174,3836,1918,0,0,3836,1918,1070244,535122,959000.0,267561000.0,500.0,False,True,3836,1918,0,0,3836,1918,4.8828125e-05,32.27558777855574,0.3212926989581082,0.3212926989581082,0.3212926989581082,False,-0.005286996549297699,4.8828125e-05,True
trial,279,279,278,927.1569606867479,927.1569606867479,927.1534306725174,927.1534306725174,3836,1918,0,0,3836,1918,1074080,537040,959000.0,268520000.0,500.0,False,True,3836,1918,0,0,3836,1918,9.765625e-05,35.00722418587513,-0.3582842516919171,-0.3582842516919171,-0.3582842516919171,False,-0.009852552027637322,9.765625e-05,False
trial,280,280,280,927.1518430901906,927.1518430901906,927.1518430901906,927.1518430901906,3836,1918,0,0,3836,1918,1077916,538958,959000.0,269479000.0,500.0,False,True,3836,1918,0,0,3836,1918,4.8828125e-05,35.00722418587513,0.30764205106927195,0.30764205106927195,0.30764205106927195,False,-0.005160485444977862,4.8828125e-05,True
trial,281,281,280,927.1554323278242,927.1554323278242,927.1518430901906,927.1518430901906,3836,1918,0,0,3836,1918,1081752,540876,959000.0,270438000.0,500.0,False,True,3836,1918,0,0,3836,1918,9.765625e-05,32.16049453943214,-0.3566618247733597,-0.3566618247733597,-0.3566618247733597,False,-0.010063419699839916,9.765625e-05,False
trial,282,282,282,927.1501543193276,927.1501543193276,927.1501543193276,927.1501543193276,3836,1918,0,0,3836,1918,1085588,542794,959000.0,271397000.0,500.0,False,True,3836,1918,0,0,3836,1918,4.8828125e-05,32.16049453943214,0.320772593658506,0.320772593658506,0.320772593658506,False,-0.005264698095691006,4.8828125e-05,True
trial,283,283,282,927.1537311453296,927.1537311453296,927.1501543193276,927.1501543193276,3836,1918,0,0,3836,1918,1089424,544712,959000.0,272356000.0,500.0,False,True,3836,1918,0,0,3836,1918,9.765625e-05,35.167713439106656,-0.36054009971709355,-0.36054009971709355,-0.36054009971709355,False,-0.009920743919537215,9.765625e-05,False
trial,284,284,284,927.14855310996,927.14855310996,927.14855310996,927.14855310996,3836,1918,0,0,3836,1918,1093260,546630,959000.0,273315000.0,500.0,False,True,3836,1918,0,0,3836,1918,4.8828125e-05,35.167713439106656,0.30888598945815965,0.30888598945815965,0.30888598945815965,False,-0.005183819992847254,4.8828125e-05,True
trial,285,285,284,927.1520874230741,927.1520874230741,927.14855310996,927.14855310996,3836,1918,0,0,3836,1918,1097096,548548,959000.0,274274000.0,500.0,False,True,3836,1918,0,0,3836,1918,9.765625e-05,32.36964926411539,-0.35156365026723585,-0.35156365026723585,-0.35156365026723585,False,-0.010053124410048126,9.765625e-05,False
trial,286,286,286,927.1468585028161,927.1468585028161,927.1468585028161,927.1468585028161,3836,1918,0,0,3836,1918,1100932,550466,959000.0,275233000.0,500.0,False,True,3836,1918,0,0,3836,1918,4.8828125e-05,32.36964926411539,0.32057005677370853,0.32057005677370853,0.32057005677370853,False,-0.005286230288814636,4.8828125e-05,True
trial,287,287,286,927.1503726462884,927.1503726462884,927.1468585028161,927.1468585028161,3836,1918,0,0,3836,1918,1104768,552384,959000.0,276192000.0,500.0,False,True,3836,1918,0,0,3836,1918,9.765625e-05,35.399556212620844,-0.35163565733000507,-0.35163565733000507,-0.35163565733000507,False,-0.009993706266592791,9.765625e-05,False
trial,288,288,288,927.1452254250514,927.1452254250514,927.1452254250514,927.1452254250514,3836,1918,0,0,3836,1918,1108604,554302,959000.0,277151000.0,500.0,False,True,3836,1918,0,0,3836,1918,4.8828125e-05,35.399556212620844,0.31300232583824433,0.31300232583824433,0.31300232583824433,False,-0.005217462075878027,4.8828125e-05,True
trial,289,289,288,927.148664098874,927.148664098874,927.1452254250514,927.1452254250514,3836,1918,0,0,3836,1918,1112440,556220,959000.0,278110000.0,500.0,False,True,3836,1918,0,0,3836,1918,9.765625e-05,32.380031005821486,-0.34263509417871824,-0.34263509417871824,-0.34263509417871824,False,-0.010035965027959953,9.765625e-05,False
trial,290,290,290,927.1434924335497,927.1434924335497,927.1434924335497,927.1434924335497,3836,1918,0,0,3836,1918,1116276,558138,959000.0,279069000.0,500.0,False,True,3836,1918,0,0,3836,1918,4.8828125e-05,32.380031005821486,0.32907248615867457,0.32907248615867457,0.32907248615867457,False,-0.005266291089751765,4.8828125e-05,True
trial,291,291,290,927.1470349922965,927.1470349922965,927.1434924335497,927.1434924335497,3836,1918,0,0,3836,1918,1120112,560056,959000.0,280028000.0,500.0,False,True,3836,1918,0,0,3836,1918,9.765625e-05,35.204887691689876,-0.3571450481665995,-0.3571450481665995,-0.3571450481665995,False,-0.009919103638826126,9.765625e-05,False
trial,292,292,292,927.1418879493607,927.1418879493607,927.1418879493607,927.1418879493607,3836,1918,0,0,3836,1918,1123948,561974,959000.0,280987000.0,500.0,False,True,3836,1918,0,0,3836,1918,4.8828125e-05,35.204887691689876,0.3105264731433949,0.3105264731433949,0.3105264731433949,False,-0.0051669803632073425,4.8828125e-05,True
trial,293,293,292,927.1452797752519,927.1452797752519,927.1418879493607,927.1418879493607,3836,1918,0,0,3836,1918,1127784,563892,959000.0,281946000.0,500.0,False,True,3836,1918,0,0,3836,1918,9.765625e-05,32.418352700530576,-0.33502312453306077,-0.33502312453306077,-0.33502312453306077,False,-0.010124154551757369,9.765625e-05,False
trial,294,294,294,927.140143862619,927.140143862619,927.140143862619,927.140143862619,3836,1918,0,0,3836,1918,1131620,565810,959000.0,282905000.0,500.0,False,True,3836,1918,0,0,3836,1918,4.8828125e-05,32.418352700530576,0.3290251999532323,0.3290251999532323,0.3290251999532323,False,-0.005300769491125464,4.8828125e-05,True
trial,295,295,294,927.1436400115683,927.1436400115683,927.140143862619,927.140143862619,3836,1918,0,0,3836,1918,1135456,567728,959000.0,283864000.0,500.0,False,True,3836,1918,0,0,3836,1918,9.765625e-05,35.52233188914962,-0.3516128232090499,-0.3516128232090499,-0.3516128232090499,False,-0.009943178173777675,9.765625e-05,False
trial,296,296,296,927.1385230917281,927.1385230917281,927.1385230917281,927.1385230917281,3836,1918,0,0,3836,1918,1139292,569646,959000.0,284823000.0,500.0,False,True,3836,1918,0,0,3836,1918,4.8828125e-05,35.52233188914962,0.311708096805084,0.311708096805084,0.311708096805084,False,-0.00519964321590455,4.8828125e-05,True
trial,297,297,296,927.1419906292385,927.1419906292385,927.1385230917281,927.1385230917281,3836,1918,0,0,3836,1918,1143128,571564,959000.0,285782000.0,500.0,False,True,3836,1918,0,0,3836,1918,9.765625e-05,32.484044242412104,-0.3401853518046054,-0.3401853518046054,-0.3401853518046054,False,-0.010193082953352675,9.765625e-05,False
trial,298,298,298,927.1367731497988,927.1367731497988,927.1367731497988,927.1367731497988,3836,1918,0,0,3836,1918,1146964,573482,959000.0,286741000.0,500.0,False,True,3836,1918,0,0,3836,1918,4.8828125e-05,32.484044242412104,0.32795695072413544,0.32795695072413544,0.32795695072413544,False,-0.005335889132307134,4.8828125e-05,True
trial,299,299,298,927.1402506432446,927.1402506432446,927.1367731497988,927.1367731497988,3836,1918,0,0,3836,1918,1150800,575400,959000.0,287700000.0,500.0,False,True,3836,1918,0,0,3836,1918,9.765625e-05,35.753152700725174,-0.34710504335849185,-0.34710504335849185,-0.34710504335849185,False,-0.010018562139316844,9.765625e-05,False
trial,300,300,300,927.1351224190906,927.1351224190906,927.1351224190906,927.1351224190906,3836,1918,0,0,3836,1918,1154636,577318,959000.0,288659000.0,500.0,False,True,3836,1918,0,0,3836,1918,4.8828125e-05,35.753152700725174,0.3156558383901658,0.3156558383901658,0.3156558383901658,False,-0.005229526932323538,4.8828125e-05,True
trial,301,301,300,927.1386064274081,927.1386064274081,927.1351224190906,927.1351224190906,3836,1918,0,0,3836,1918,1158472,579236,959000.0,289618000.0,500.0,False,True,3836,1918,0,0,3836,1918,9.765625e-05,32.48792563884649,-0.34180068324727375,-0.34180068324727375,-0.34180068324727375,False,-0.010193099336181162,9.765625e-05,False
trial,302,302,302,927.1333726442259,927.1333726442259,927.1333726442259,927.1333726442259,3836,1918,0,0,3836,1918,1162308,581154,959000.0,290577000.0,500.0,False,True,3836,1918,0,0,3836,1918,4.8828125e-05,32.48792563884649,0.3280122216304101,0.3280122216304101,0.3280122216304101,False,-0.005334480697160535,4.8828125e-05,True
trial,303,303,302,927.1367907673421,927.1367907673421,927.1333726442259,927.1333726442259,3836,1918,0,0,3836,1918,1166144,583072,959000.0,291536000.0,500.0,False,True,3836,1918,0,0,3836,1918,9.765625e-05,35.90369403920918,-0.33922722011440537,-0.33922722011440537,-0.33922722011440537,False,-0.010076205308629231,9.765625e-05,False
trial,304,304,304,927.1316958074142,927.1316958074142,927.1316958074142,927.1316958074142,3836,1918,0,0,3836,1918,1169980,584990,959000.0,292495000.0,500.0,False,True,3836,1918,0,0,3836,1918,4.8828125e-05,35.90369403920918,0.3189581468499322,0.3189581468499322,0.3189581468499322,False,-0.00525723148408691,4.8828125e-05,True
trial,305,305,304,927.1349996013272,927.1349996013272,927.1316958074142,927.1316958074142,3836,1918,0,0,3836,1918,1173816,586908,959000.0,293454000.0,500.0,False,True,3836,1918,0,0,3836,1918,9.765625e-05,32.55743613330605,-0.3252836553806933,-0.3252836553806933,-0.3252836553806933,False,-0.010156655148070142,9.765625e-05,False
trial,306,306,306,927.1299466309505,927.1299466309505,927.1299466309505,927.1299466309505,3836,1918,0,0,3836,1918,1177652,588826,959000.0,294413000.0,500.0,False,True,3836,1918,0,0,3836,1918,4.8828125e-05,32.55743613330605,0.32779431491441996,0.32779431491441996,0.32779431491441996,False,-0.005336201343702341,4.8828125e-05,True
trial,307,307,306,927.1332947964256,927.1332947964256,927.1299466309505,927.1299466309505,3836,1918,0,0,3836,1918,1181488,590744,959000.0,295372000.0,500.0,False,True,3836,1918,0,0,3836,1918,9.765625e-05,36.123216562884586,-0.33043853400545065,-0.33043853400545065,-0.33043853400545065,False,-0.010132491009889461,9.765625e-05,False
trial,308,308,308,927.1282424541682,927.1282424541682,927.1282424541682,927.1282424541682,3836,1918,0,0,3836,1918,1185324,592662,959000.0,296331000.0,500.0,False,True,3836,1918,0,0,3836,1918,4.8828125e-05,36.123216562884586,0.3223769539939951,0.3223769539939951,0.3223769539939951,False,-0.005286286011271471,4.8828125e-05,True
trial,309,309,308,927.1317266044055,927.1317266044055,927.1282424541682,927.1282424541682,3836,1918,0,0,3836,1918,1189160,594580,959000.0,297290000.0,500.0,False,True,3836,1918,0,0,3836,1918,9.765625e-05,32.61705127647588,-0.3418009600271375,-0.3418009600271375,-0.3418009600271375,False,-0.010193506293694265,9.765625e-05,False
trial,310,310,310,927.1264856804539,927.1264856804539,927.1264856804539,927.1264856804539,3836,1918,0,0,3836,1918,1192996,596498,959000.0,298249000.0,500.0,False,True,3836,1918,0,0,3836,1918,4.8828125e-05,32.61705127647588,0.3291871631185321,0.3291871631185321,0.3291871631185321,False,-0.0053367017646213976,4.8828125e-05,True
trial,311,311,310,927.1297319265406,927.1297319265406,927.1264856804539,927.1264856804539,3836,1918,0,0,3836,1918,1196832,598416,959000.0,299208000.0,500.0,False,True,3836,1918,0,0,3836,1918,9.765625e-05,36.31792512278918,-0.3195774995918346,-0.3195774995918346,-0.3195774995918346,False,-0.010157930676530183,9.765625e-05,False
trial,312,312,312,927.1247606836872,927.1247606836872,927.1247606836872,927.1247606836872,3836,1918,0,0,3836,1918,1200668,600334,959000.0,300167000.0,500.0,False,True,3836,1918,0,0,3836,1918,4.8828125e-05,36.31792512278918,0.3250510959367882,0.3250510959367882,0.3250510959367882,False,-0.00530684802566143,4.8828125e-05,True
trial,313,313,312,927.1282307605395,927.1282307605395,927.1247606836872,927.1247606836872,3836,1918,0,0,3836,1918,1204504,602252,959000.0,301126000.0,500.0,False,True,3836,1918,0,0,3836,1918,9.765625e-05,32.65232445437248,-0.3399970114078746,-0.3399970114078746,-0.3399970114078746,False,-0.01020619810134869,9.765625e-05,False
trial,314,314,314,927.1230041678743,927.1230041678743,927.1230041678743,927.1230041678743,3836,1918,0,0,3836,1918,1208340,604170,959000.0,302085000.0,500.0,False,True,3836,1918,0,0,3836,1918,4.8828125e-05,32.65232445437248,0.3287851767418012,0.3287851767418012,0.3287851767418012,False,-0.00534244223014729,4.8828125e-05,True
trial,315,315,314,927.1262670418162,927.1262670418162,927.1230041678743,927.1230041678743,3836,1918,0,0,3836,1918,1212176,606088,959000.0,303044000.0,500.0,False,True,3836,1918,0,0,3836,1918,9.765625e-05,36.513994632796006,-0.3190538893676558,-0.3190538893676558,-0.3190538893676558,False,-0.01022671733696229,9.765625e-05,False
trial,316,316,316,927.1212433081603,927.1212433081603,927.1212433081603,927.1212433081603,3836,1918,0,0,3836,1918,1216012,608006,959000.0,304003000.0,500.0,False,True,3836,1918,0,0,3836,1918,4.8828125e-05,36.513994632796006,0.3305893903794408,0.3305893903794408,0.3305893903794408,False,-0.005326425364246736,4.8828125e-05,True
trial,317,317,316,927.1246351443206,927.1246351443206,927.1212433081603,927.1212433081603,3836,1918,0,0,3836,1918,1219848,609924,959000.0,304962000.0,500.0,False,True,3836,1918,0,0,3836,1918,9.765625e-05,32.53689933553455,-0.3345533519999556,-0.3345533519999556,-0.3345533519999556,False,-0.010138401364128285,9.765625e-05,False
trial,318,318,318,927.1194981802499,927.1194981802499,927.1194981802499,927.1194981802499,3836,1918,0,0,3836,1918,1223684,611842,959000.0,305921000.0,500.0,False,True,3836,1918,0,0,3836,1918,4.8828125e-05,32.53689933553455,0.328448895397952,0.328448895397952,0.328448895397952,False,-0.005313240308588483,4.8828125e-05,True
trial,319,319,318,927.1227046038496,927.1227046038496,927.1194981802499,927.1194981802499,3836,1918,0,0,3836,1918,1227520,613760,959000.0,306880000.0,500.0,False,True,3836,1918,0,0,3836,1918,9.765625e-05,36.67176690320847,-0.31206805927683207,-0.31206805927683207,-0.31206805927683207,False,-0.010274757394480645,9.765625e-05,False
trial,320,320,320,927.1176734002638,927.1176734002638,927.1176734002638,927.1176734002638,3836,1918,0,0,3836,1918,1231356,615678,959000.0,307839000.0,500.0,False,True,3836,1918,0,0,3836,1918,4.8828125e-05,36.67176690320847,0.3420746304191117,0.3420746304191117,0.3420746304191117,False,-0.005334449923652972,4.8828125e-05,True
trial,321,321,320,927.1211665584017,927.1211665584017,927.1176734002638,927.1176734002638,3836,1918,0,0,3836,1918,1235192,617596,959000.0,308798000.0,500.0,False,True,3836,1918,0,0,3836,1918,9.765625e-05,32.52895747610134,-0.346823914065721,-0.346823914065721,-0.346823914065721,False,-0.010071849132091568,9.765625e-05,False
trial,322,322,322,927.1159535665561,927.1159535665561,927.1159535665561,927.1159535665561,3836,1918,0,0,3836,1918,1239028,619514,959000.0,309757000.0,500.0,False,True,3836,1918,0,0,3836,1918,4.8828125e-05,32.52895747610134,0.32615367460880723,0.32615367460880723,0.32615367460880723,False,-0.005273077820759375,4.8828125e-05,True
trial,323,323,322,927.1188139375405,927.1188139375405,927.1159535665561,927.1159535665561,3836,1918,0,0,3836,1918,1242864,621432,959000.0,310716000.0,500.0,False,True,3836,1918,0,0,3836,1918,9.765625e-05,37.09963652956872,-0.27687808842597156,-0.27687808842597156,-0.27687808842597156,False,-0.010330795768935348,9.765625e-05,False
trial,324,324,324,927.1141150082774,927.1141150082774,927.1141150082774,927.1141150082774,3836,1918,0,0,3836,1918,1246700,623350,959000.0,311675000.0,500.0,False,True,3836,1918,0,0,3836,1918,4.8828125e-05,37.09963652956872,0.3393256518243933,0.3393256518243933,0.3393256518243933,False,-0.005418270822711695,4.8828125e-05,True
trial,325,325,324,927.117623333196,927.117623333196,927.1141150082774,927.1141150082774,3836,1918,0,0,3836,1918,1250536,625268,959000.0,312634000.0,500.0,False,True,3836,1918,0,0,3836,1918,9.765625e-05,32.627288294282145,-0.3460460902097101,-0.3460460902097101,-0.3460460902097101,False,-0.010138316882755245,9.765625e-05,False
trial,326,326,326,927.1123928178575,927.1123928178575,927.1123928178575,927.1123928178575,3836,1918,0,0,3836,1918,1254372,627186,959000.0,313593000.0,500.0,False,True,3836,1918,0,0,3836,1918,4.8828125e-05,32.627288294282145,0.32436619750511225,0.32436619750511225,0.32436619750511225,False,-0.005309401636487888,4.8828125e-05,True
trial,327,327,326,927.1151781188839,927.1151781188839,927.1123928178575,927.1123928178575,3836,1918,0,0,3836,1918,1258208,629104,959000.0,314552000.0,500.0,False,True,3836,1918,0,0,3836,1918,9.765625e-05,37.33831630285449,-0.2681880714191534,-0.2681880714191534,-0.2681880714191534,False,-0.01038562607074103,9.765625e-05,False
trial,328,328,328,927.110522308663,927.110522308663,927.110522308663,927.110522308663,3836,1918,0,0,3836,1918,1262044,631022,959000.0,315511000.0,500.0,False,True,3836,1918,0,0,3836,1918,4.8828125e-05,37.33831630285449,0.34327357491001254,0.34327357491001254,0.34327357491001254,False,-0.005449033456835346,4.8828125e-05,True
trial,329,329,328,927.1137622587596,927.1137622587596,927.110522308663,927.110522308663,3836,1918,0,0,3836,1918,1265880,632940,959000.0,316470000.0,500.0,False,True,3836,1918,0,0,3836,1918,9.765625e-05,32.65387147245597,-0.321914625312953,-0.321914625312953,-0.321914625312953,False,-0.010064625344218616,9.765625e-05,False
trial,330,330,330,927.1088017722197,927.1088017722197,927.1088017722197,927.1088017722197,3836,1918,0,0,3836,1918,1269716,634858,959000.0,317429000.0,500.0,False,True,3836,1918,0,0,3836,1918,4.8828125e-05,32.65387147245597,0.32440755771342844,0.32440755771342844,0.32440755771342844,False,-0.005303626263782341,4.8828125e-05,True
trial,331,331,330,927.1116070614894,927.1116070614894,927.1088017722197,927.1088017722197,3836,1918,0,0,3836,1918,1273552,636776,959000.0,318388000.0,500.0,False,True,3836,1918,0,0,3836,1918,9.765625e-05,37.52606929525063,-0.26892738681092054,-0.26892738681092054,-0.26892738681092054,False,-0.010431400471746807,9.765625e-05,False
trial,332,332,332,927.1069044690172,927.1069044690172,927.1069044690172,927.1069044690172,3836,1918,0,0,3836,1918,1277388,638694,959000.0,319347000.0,500.0,False,True,3836,1918,0,0,3836,1918,4.8828125e-05,37.52606929525063,0.34657039478650425,0.34657039478650425,0.34657039478650425,False,-0.005474510319102695,4.8828125e-05,True
trial,333,333,332,927.1101050710027,927.1101050710027,927.1069044690172,927.1069044690172,3836,1918,0,0,3836,1918,1281224,640612,959000.0,320306000.0,500.0,False,True,3836,1918,0,0,3836,1918,9.765625e-05,32.6991951889866,-0.31661942781576285,-0.31661942781576285,-0.31661942781576285,False,-0.010108672129294538,9.765625e-05,False
trial,334,334,334,927.1051820847299,927.1051820847299,927.1051820847299,927.1051820847299,3836,1918,0,0,3836,1918,1285060,642530,959000.0,321265000.0,500.0,False,True,3836,1918,0,0,3836,1918,4.8828125e-05,32.6991951889866,0.32475713639269543,0.32475713639269543,0.32475713639269543,False,-0.0053036072014386055,4.8828125e-05,True
trial,335,335,334,927.1081041447235,927.1081041447235,927.1051820847299,927.1051820847299,3836,1918,0,0,3836,1918,1288896,644448,959000.0,322224000.0,500.0,False,True,3836,1918,0,0,3836,1918,9.765625e-05,37.78234433466261,-0.276619053450705,-0.276619053450705,-0.276619053450705,False,-0.010563480559738369,9.765625e-05,False
trial,336,336,336,927.1032601674689,927.1032601674689,927.1032601674689,927.1032601674689,3836,1918,0,0,3836,1918,1292732,646366,959000.0,323183000.0,500.0,False,True,3836,1918,0,0,3836,1918,4.8828125e-05,37.78234433466261,0.3494056718800985,0.3494056718800985,0.3494056718800985,False,-0.005500532520515911,4.8828125e-05,True
trial,337,337,336,927.1067391447077,927.1067391447077,927.1032601674689,927.1032601674689,3836,1918,0,0,3836,1918,1296568,648284,959000.0,324142000.0,500.0,False,True,3836,1918,0,0,3836,1918,9.765625e-05,32.788622938171386,-0.3430922194266455,-0.3430922194266455,-0.3430922194266455,False,-0.010140064512847345,9.765625e-05,False
trial,338,338,338,927.1015278199892,927.1015278199892,927.1015278199892,927.1015278199892,3836,1918,0,0,3836,1918,1300404,650202,959000.0,325101000.0,500.0,False,True,3836,1918,0,0,3836,1918,4.8828125e-05,32.788622938171386,0.3263065448456264,0.3263065448456264,0.3263065448456264,False,-0.005308957196961995,4.8828125e-05,True
trial,339,339,338,927.1044062483436,927.1044062483436,927.1015278199892,927.1015278199892,3836,1918,0,0,3836,1918,1304240,652120,959000.0,326060000.0,500.0,False,True,3836,1918,0,0,3836,1918,9.765625e-05,37.94391847020244,-0.27137215174500057,-0.27137215174500057,-0.27137215174500057,False,-0.010606940822349175,9.765625e-05,False
trial,340,340,340,927.0995833780429,927.0995833780429,927.0995833780429,927.0995833780429,3836,1918,0,0,3836,1918,1308076,654038,959000.0,327019000.0,500.0,False,True,3836,1918,0,0,3836,1918,4.8828125e-05,37.94391847020244,0.3521893785406494,0.3521893785406494,0.3521893785406494,False,-0.005521012457457248,4.8828125e-05,True
trial,341,341,340,927.1029272470294,927.1029272470294,927.0995833780429,927.0995833780429,3836,1918,0,0,3836,1918,1311912,655956,959000.0,327978000.0,500.0,False,True,3836,1918,0,0,3836,1918,9.765625e-05,32.83867818221623,-0.3297567476482461,-0.3297567476482461,-0.3297567476482461,False,-0.01014041110700597,9.765625e-05,False
trial,342,342,342,927.0978532023004,927.0978532023004,927.0978532023004,927.0978532023004,3836,1918,0,0,3836,1918,1315748,657874,959000.0,328937000.0,500.0,False,True,3836,1918,0,0,3836,1918,4.8828125e-05,32.83867818221623,0.32560300818988513,0.32560300818988513,0.32560300818988513,False,-0.005313758469682148,4.8828125e-05,True
trial,343,343,342,927.1006728246333,927.1006728246333,927.0978532023004,927.0978532023004,3836,1918,0,0,3836,1918,1319584,659792,959000.0,329896000.0,500.0,False,True,3836,1918,0,0,3836,1918,9.765625e-05,38.17837425024739,-0.2643450451985903,-0.2643450451985903,-0.2643450451985903,False,-0.010666446692116832,9.765625e-05,False
trial,344,344,344,927.0958784378153,927.0958784378153,927.0958784378153,927.0958784378153,3836,1918,0,0,3836,1918,1323420,661710,959000.0,330855000.0,500.0,False,True,3836,1918,0,0,3836,1918,4.8828125e-05,38.17837425024739,0.3557600497978952,0.3557600497978952,0.3557600497978952,False,-0.005550832608197845,4.8828125e-05,True
trial,345,345,344,927.0988904649466,927.0988904649466,927.0958784378153,927.0958784378153,3836,1918,0,0,3836,1918,1327256,663628,959000.0,331814000.0,500.0,False,True,3836,1918,0,0,3836,1918,9.765625e-05,32.897225852806855,-0.29857234942659416,-0.29857234942659416,-0.29857234942659416,False,-0.01008809803439885,9.765625e-05,False
trial,346,346,346,927.0941428108346,927.0941428108346,927.0941428108346,927.0941428108346,3836,1918,0,0,3836,1918,1331092,665546,959000.0,332773000.0,500.0,False,True,3836,1918,0,0,3836,1918,4.8828125e-05,32.897225852806855,0.32672625860854926,0.32672625860854926,0.32672625860854926,False,-0.0053121747486145135,4.8828125e-05,True
trial,347,347,346,927.0969187876275,927.0969187876275,927.0941428108346,927.0941428108346,3836,1918,0,0,3836,1918,1334928,667464,959000.0,333732000.0,500.0,False,True,3836,1918,0,0,3836,1918,9.765625e-05,38.44019761740572,-0.2590979424684996,-0.2590979424684996,-0.2590979424684996,False,-0.01071400554736476,9.765625e-05,False
trial,348,348,348,927.092145590107,927.092145590107,927.092145590107,927.092145590107,3836,1918,0,0,3836,1918,1338764,669382,959000.0,334691000.0,500.0,False,True,3836,1918,0,0,3836,1918,4.8828125e-05,38.44019761740572,0.3582251967339631,0.3582251967339631,0.3582251967339631,False,-0.005575321741256852,4.8828125e-05,True
trial,349,349,348,927.0956490876765,927.0956490876765,927.092145590107,927.092145590107,3836,1918,0,0,3836,1918,1342600,671300,959000.0,335650000.0,500.0,False,True,3836,1918,0,0,3836,1918,9.765625e-05,32.97305510699562,-0.3446808880974028,-0.3446808880974028,-0.3446808880974028,False,-0.010164467165287036,9.765625e-05,False
trial,350,350,350,927.0903979622658,927.0903979622658,927.0903979622658,927.0903979622658,3836,1918,0,0,3836,1918,1346436,673218,959000.0,336609000.0,500.0,False,True,3836,1918,0,0,3836,1918,4.8828125e-05,32.97305510699562,0.32851319614790525,0.32851319614790525,0.32851319614790525,False,-0.005319810167894079,4.8828125e-05,True
trial,351,351,350,927.0931384232946,927.0931384232946,927.0903979622658,927.0903979622658,3836,1918,0,0,3836,1918,1350272,675136,959000.0,337568000.0,500.0,False,True,3836,1918,0,0,3836,1918,9.765625e-05,38.6307083924529,-0.2550002729760863,-0.2550002729760863,-0.2550002729760863,False,-0.01074689449077611,9.765625e-05,False
trial,352,352,352,927.088383603837,927.088383603837,927.088383603837,927.088383603837,3836,1918,0,0,3836,1918,1354108,677054,959000.0,338527000.0,500.0,False,True,3836,1918,0,0,3836,1918,4.8828125e-05,38.6307083924529,0.3602677586751562,0.3602677586751562,0.3602677586751562,False,-0.005591281429765031,4.8828125e-05,True
trial,353,353,352,927.091235491509,927.091235491509,927.088383603837,927.088383603837,3836,1918,0,0,3836,1918,1357944,678972,959000.0,339486000.0,500.0,False,True,3836,1918,0,0,3836,1918,9.765625e-05,33.05122320401196,-0.28244512819667433,-0.28244512819667433,-0.28244512819667433,False,-0.010097138832704045,9.765625e-05,False
trial,354,354,354,927.0866346801794,927.0866346801794,927.0866346801794,927.0866346801794,3836,1918,0,0,3836,1918,1361780,680890,959000.0,340445000.0,500.0,False,True,3836,1918,0,0,3836,1918,4.8828125e-05,33.05122320401196,0.3280136730919181,0.3280136730919181,0.3280136730919181,False,-0.0053318620565889,4.8828125e-05,True
trial,355,355,354,927.089315934363,927.089315934363,927.0866346801794,927.0866346801794,3836,1918,0,0,3836,1918,1365616,682808,959000.0,341404000.0,500.0,False,True,3836,1918,0,0,3836,1918,9.765625e-05,38.85343695553894,-0.24816053169718827,-0.24816053169718827,-0.24816053169718827,False,-0.010804514985714804,9.765625e-05,False
trial,356,356,356,927.0845919366393,927.0845919366393,927.0845919366393,927.0845919366393,3836,1918,0,0,3836,1918,1369452,684726,959000.0,342363000.0,500.0,False,True,3836,1918,0,0,3836,1918,4.8828125e-05,38.85343695553894,0.3634939383003138,0.3634939383003138,0.3634939383003138,False,-0.005619745819215563,4.8828125e-05,True
trial,357,357,356,927.0880592909964,927.0880592909964,927.0845919366393,927.0845919366393,3836,1918,0,0,3836,1918,1373288,686644,959000.0,343322000.0,500.0,False,True,3836,1918,0,0,3836,1918,9.765625e-05,33.13605376820046,-0.34026774751705957,-0.34026774751705957,-0.34026774751705957,False,-0.010190076439510464,9.765625e-05,False
trial,358,358,358,927.082841879354,927.082841879354,927.082841879354,927.082841879354,3836,1918,0,0,3836,1918,1377124,688562,959000.0,344281000.0,500.0,False,True,3836,1918,0,0,3836,1918,4.8828125e-05,33.13605376820046,0.3281770031224103,0.3281770031224103,0.3281770031224103,False,-0.005332662766386124,4.8828125e-05,True
trial,359,359,358,927.0852573645774,927.0852573645774,927.082841879354,927.082841879354,3836,1918,0,0,3836,1918,1380960,690480,959000.0,345240000.0,500.0,False,True,3836,1918,0,0,3836,1918,9.765625e-05,39.06636036461167,-0.2240162017504538,-0.2240162017504538,-0.2240162017504538,False,-0.01078263627607632,9.765625e-05,False
trial,360,360,360,927.0807631936477,927.0807631936477,927.0807631936477,927.0807631936477,3836,1918,0,0,3836,1918,1384796,692398,959000.0,346199000.0,500.0,False,True,3836,1918,0,0,3836,1918,4.8828125e-05,39.06636036461167,0.36805018983670174,0.36805018983670174,0.36805018983670174,False,-0.005647832180605244,4.8828125e-05,True
trial,361,361,360,927.0838711742153,927.0838711742153,927.0807631936477,927.0807631936477,3836,1918,0,0,3836,1918,1388632,694316,959000.0,347158000.0,500.0,False,True,3836,1918,0,0,3836,1918,9.765625e-05,33.122609437926045,-0.3085461895130759,-0.3085461895130759,-0.3085461895130759,False,-0.010072983148891709,9.765625e-05,False
trial,362,362,362,927.07900059935,927.07900059935,927.07900059935,927.07900059935,3836,1918,0,0,3836,1918,1392468,696234,959000.0,348117000.0,500.0,False,True,3836,1918,0,0,3836,1918,4.8828125e-05,33.122609437926045,0.3313189295233037,0.3313189295233037,0.3313189295233037,False,-0.005319932369206831,4.8828125e-05,True
trial,363,363,362,927.0814498412872,927.0814498412872,927.07900059935,927.07900059935,3836,1918,0,0,3836,1918,1396304,698152,959000.0,349076000.0,500.0,False,True,3836,1918,0,0,3836,1918,9.765625e-05,39.266587995562986,-0.22729009702506636,-0.22729009702506636,-0.22729009702506636,False,-0.010775840959197517,9.765625e-05,False
trial,364,364,364,927.0769133211372,927.0769133211372,927.0769133211372,927.0769133211372,3836,1918,0,0,3836,1918,1400140,700070,959000.0,350035000.0,500.0,False,True,3836,1918,0,0,3836,1918,4.8828125e-05,39.266587995562986,0.3687558170437602,0.3687558170437602,0.3687558170437602,False,-0.005660326200495939,4.8828125e-05,True
trial,365,365,364,927.080337029762,927.080337029762,927.0769133211372,927.0769133211372,3836,1918,0,0,3836,1918,1403976,701988,959000.0,350994000.0,500.0,False,True,3836,1918,0,0,3836,1918,9.765625e-05,33.24280660872442,-0.3350841017810034,-0.3350841017810034,-0.3350841017810034,False,-0.010217460650999986,9.765625e-05,False
trial,366,366,366,927.0751436991394,927.0751436991394,927.0751436991394,927.0751436991394,3836,1918,0,0,3836,1918,1407812,703906,959000.0,351953000.0,500.0,False,True,3836,1918,0,0,3836,1918,4.8828125e-05,33.24280660872442,0.33109600964640024,0.33109600964640024,0.33109600964640024,False,-0.005344739731878005,4.8828125e-05,True
trial,367,367,366,927.0776949636406,927.0776949636406,927.0751436991394,927.0751436991394,3836,1918,0,0,3836,1918,1411648,705824,959000.0,352912000.0,500.0,False,True,3836,1918,0,0,3836,1918,9.765625e-05,39.50867497812456,-0.2333249124015255,-0.2333249124015255,-0.2333249124015255,False,-0.010934385338291289,9.765625e-05,False
trial,368,368,368,927.073033193875,927.073033193875,927.073033193875,927.073033193875,3836,1918,0,0,3836,1918,1415484,707742,959000.0,353871000.0,500.0,False,True,3836,1918,0,0,3836,1918,4.8828125e-05,39.50867497812456,0.3712293059966713,0.3712293059966713,0.3712293059966713,False,-0.00568517956519644,4.8828125e-05,True
trial,369,369,368,927.0762657604946,927.0762657604946,927.073033193875,927.073033193875,3836,1918,0,0,3836,1918,1419320,709660,959000.0,354830000.0,500.0,False,True,3836,1918,0,0,3836,1918,9.765625e-05,33.361766255270915,-0.3167224402344949,-0.3167224402344949,-0.3167224402344949,False,-0.010206307507813784,9.765625e-05,False
trial,370,370,370,927.0712540382506,927.0712540382506,927.0712540382506,927.0712540382506,3836,1918,0,0,3836,1918,1423156,711578,959000.0,355789000.0,500.0,False,True,3836,1918,0,0,3836,1918,4.8828125e-05,33.361766255270915,0.33231522304055106,0.33231522304055106,0.33231522304055106,False,-0.005353819208454885,4.8828125e-05,True
trial,371,371,370,927.07375698549,927.07375698549,927.0712540382506,927.0712540382506,3836,1918,0,0,3836,1918,1426992,713496,959000.0,356748000.0,500.0,False,True,3836,1918,0,0,3836,1918,9.765625e-05,39.72254621621307,-0.22794028345232006,-0.22794028345232006,-0.22794028345232006,False,-0.010980714780005516,9.765625e-05,False
trial,372,372,372,927.0691201875712,927.0691201875712,927.0691201875712,927.0691201875712,3836,1918,0,0,3836,1918,1430828,715414,959000.0,357707000.0,500.0,False,True,3836,1918,0,0,3836,1918,4.8828125e-05,39.72254621621307,0.37382778624003926,0.37382778624003926,0.37382778624003926,False,-0.005708111483110876,4.8828125e-05,True
trial,373,373,372,927.0723148516461,927.0723148516461,927.0691201875712,927.0691201875712,3836,1918,0,0,3836,1918,1434664,717332,959000.0,358666000.0,500.0,False,True,3836,1918,0,0,3836,1918,9.765625e-05,33.45418706494781,-0.3117606026990015,-0.3117606026990015,-0.3117606026990015,False,-0.010247170576342933,9.765625e-05,False
trial,374,374,374,927.0673388838422,927.0673388838422,927.0673388838422,927.0673388838422,3836,1918,0,0,3836,1918,1438500,719250,959000.0,359625000.0,500.0,False,True,3836,1918,0,0,3836,1918,4.8828125e-05,33.45418706494781,0.3322721887613425,0.3322721887613425,0.3322721887613425,False,-0.005360977503504534,4.8828125e-05,True
trial,375,375,374,927.0697821909721,927.0697821909721,927.0673388838422,927.0673388838422,3836,1918,0,0,3836,1918,1442336,721168,959000.0,360584000.0,500.0,False,True,3836,1918,0,0,3836,1918,9.765625e-05,39.932428215153884,-0.2213530245620161,-0.2213530245620161,-0.2213530245620161,False,-0.011038056221216027,9.765625e-05,False
trial,376,376,376,927.0651755305732,927.0651755305732,927.0651755305732,927.0651755305732,3836,1918,0,0,3836,1918,1446172,723086,959000.0,361543000.0,500.0,False,True,3836,1918,0,0,3836,1918,4.8828125e-05,39.932428215153884,0.37715467190107826,0.37715467190107826,0.37715467190107826,False,-0.005735984279587392,4.8828125e-05,True
trial,377,377,376,927.068336468524,927.068336468524,927.0651755305732,927.0651755305732,3836,1918,0,0,3836,1918,1450008,725004,959000.0,362502000.0,500.0,False,True,3836,1918,0,0,3836,1918,9.765625e-05,33.534832019890025,-0.3084655706771528,-0.3084655706771528,-0.3084655706771528,False,-0.01024729581257801,9.765625e-05,False
trial,378,378,378,927.0633931192174,927.0633931192174,927.0633931192174,927.0633931192174,3836,1918,0,0,3836,1918,1453844,726922,959000.0,363461000.0,500.0,False,True,3836,1918,0,0,3836,1918,4.8828125e-05,33.534832019890025,0.3324807787601011,0.3324807787601011,0.3324807787601011,False,-0.005360945563556482,4.8828125e-05,True
trial,379,379,378,927.0657767373937,927.0657767373937,927.0633931192174,927.0633931192174,3836,1918,0,0,3836,1918,1457680,728840,959000.0,364420000.0,500.0,False,True,3836,1918,0,0,3836,1918,9.765625e-05,40.16411825951019,-0.21481394510469137,-0.21481394510469137,-0.21481394510469137,False,-0.011096198503873047,9.765625e-05,False
trial,380,380,380,927.0611777063881,927.0611777063881,927.0611777063881,927.0611777063881,3836,1918,0,0,3836,1918,1461516,730758,959000.0,365379000.0,500.0,False,True,3836,1918,0,0,3836,1918,4.8828125e-05,40.16411825951019,0.38449668059483205,0.38449668059483205,0.38449668059483205,False,-0.0057618516390297555,4.8828125e-05,True
trial,381,381,380,927.0639053108614,927.0639053108614,927.0611777063881,927.0611777063881,3836,1918,0,0,3836,1918,1465352,732676,959000.0,366338000.0,500.0,False,True,3836,1918,0,0,3836,1918,9.765625e-05,33.498093755453894,-0.2676854865002641,-0.2676854865002641,-0.2676854865002641,False,-0.010189586701049701,9.765625e-05,False
trial,382,382,382,927.0589873868078,927.0589873868078,927.0589873868078,927.0589873868078,3836,1918,0,0,3836,1918,1469188,734594,959000.0,367297000.0,500.0,False,True,3836,1918,0,0,3836,1918,4.8828125e-05,33.498093755453894,0.4135342441433568,0.4135342441433568,0.4135342441433568,False,-0.0052965857395277935,4.8828125e-05,True
trial,383,383,382,927.062372092963,927.062372092963,927.0589873868078,927.0589873868078,3836,1918,0,0,3836,1918,1473024,736512,959000.0,368256000.0,500.0,False,True,3836,1918,0,0,3836,1918,9.765625e-05,38.422947033126285,-0.3381781753112422,-0.3381781753112422,-0.3381781753112422,False,-0.010008647518685238,9.765625e-05,False
trial,384,384,384,927.0566075897067,927.0566075897067,927.0566075897067,927.0566075897067,3836,1918,0,0,3836,1918,1476860,738430,959000.0,369215000.0,500.0,False,True,3836,1918,0,0,3836,1918,4.8828125e-05,38.422947033126285,0.4516622457583417,0.4516622457583417,0.4516622457583417,False,-0.005268975043674841,4.8828125e-05,True
trial,385,385,384,927.0598293654486,927.0598293654486,927.0566075897067,927.0566075897067,3836,1918,0,0,3836,1918,1480696,740348,959000.0,370174000.0,500.0,False,True,3836,1918,0,0,3836,1918,9.765625e-05,32.40093367506772,-0.3258180428804563,-0.3258180428804563,-0.3258180428804563,False,-0.009888266817516637,9.765625e-05,False
trial,386,386,386,927.0549532226264,927.0549532226264,927.0549532226264,927.0549532226264,3836,1918,0,0,3836,1918,1484532,742266,959000.0,371133000.0,500.0,False,True,3836,1918,0,0,3836,1918,4.8828125e-05,32.40093367506772,0.31997484375219226,0.31997484375219226,0.31997484375219226,False,-0.005170303580361441,4.8828125e-05,True
trial,387,387,386,927.0566847936352,927.0566847936352,927.0549532226264,927.0549532226264,3836,1918,0,0,3836,1918,1488368,744184,959000.0,372092000.0,500.0,False,True,3836,1918,0,0,3836,1918,9.765625e-05,42.001386605228745,-0.15190798031674196,-0.15190798031674196,-0.15190798031674196,False,-0.011398815290636369,9.765625e-05,False
trial,388,388,388,927.0525702497297,927.0525702497297,927.0525702497297,927.0525702497297,3836,1918,0,0,3836,1918,1492204,746102,959000.0,373051000.0,500.0,False,True,3836,1918,0,0,3836,1918,4.8828125e-05,42.001386605228745,0.4007995802842349,0.4007995802842349,0.4007995802842349,False,-0.00594554738564297,4.8828125e-05,True
trial,389,389,388,927.0558532956434,927.0558532956434,927.0525702497297,927.0525702497297,3836,1918,0,0,3836,1918,1496040,748020,959000.0,374010000.0,500.0,False,True,3836,1918,0,0,3836,1918,9.765625e-05,32.507925625236034,-0.3302389485249749,-0.3302389485249749,-0.3302389485249749,False,-0.009941425529466414,9.765625e-05,False
trial,390,390,390,927.050913089359,927.050913089359,927.050913089359,927.050913089359,3836,1918,0,0,3836,1918,1499876,749938,959000.0,374969000.0,500.0,False,True,3836,1918,0,0,3836,1918,4.8828125e-05,32.507925625236034,0.31682948182609894,0.31682948182609894,0.31682948182609894,False,-0.005230448760967264,4.8828125e-05,True
trial,391,391,390,927.0526539654073,927.0526539654073,927.050913089359,927.050913089359,3836,1918,0,0,3836,1918,1503712,751856,959000.0,375928000.0,500.0,False,True,3836,1918,0,0,3836,1918,9.765625e-05,42.57886256886084,-0.15144462536556239,-0.15144462536556239,-0.15144462536556239,False,-0.011495132587901418,9.765625e-05,False
trial,392,392,392,927.04849661917,927.04849661917,927.04849661917,927.04849661917,3836,1918,0,0,3836,1918,1507548,753774,959000.0,376887000.0,500.0,False,True,3836,1918,0,0,3836,1918,4.8828125e-05,42.57886256886084,0.4037580128402742,0.4037580128402742,0.4037580128402742,False,-0.005984946706121552,4.8828125e-05,True
trial,393,393,392,927.0517602552623,927.0517602552623,927.04849661917,927.04849661917,3836,1918,0,0,3836,1918,1511384,755692,959000.0,377846000.0,500.0,False,True,3836,1918,0,0,3836,1918,9.765625e-05,32.622650706994406,-0.32622180186388644,-0.32622180186388644,-0.32622180186388644,False,-0.010004346961470642,9.765625e-05,False
trial,394,394,394,927.046836123227,927.046836123227,927.046836123227,927.046836123227,3836,1918,0,0,3836,1918,1515220,757610,959000.0,378805000.0,500.0,False,True,3836,1918,0,0,3836,1918,4.8828125e-05,32.622650706994406,0.31715405533789026,0.31715405533789026,0.31715405533789026,False,-0.005235613151070521,4.8828125e-05,True
trial,395,395,394,927.0485538140592,927.0485538140592,927.046836123227,927.046836123227,3836,1918,0,0,3836,1918,1519056,759528,959000.0,379764000.0,500.0,False,True,3836,1918,0,0,3836,1918,9.765625e-05,42.508975903092974,-0.14952212934282796,-0.14952212934282796,-0.14952212934282796,False,-0.011487870322706538,9.765625e-05,False
trial,396,396,396,927.0443900809939,927.0443900809939,927.0443900809939,927.0443900809939,3836,1918,0,0,3836,1918,1522892,761446,959000.0,380723000.0,500.0,False,True,3836,1918,0,0,3836,1918,4.8828125e-05,42.508975903092974,0.4066401360875901,0.4066401360875901,0.4066401360875901,False,-0.0060152503797737625,4.8828125e-05,True
trial,397,397,396,927.0474318194582,927.0474318194582,927.0443900809939,927.0443900809939,3836,1918,0,0,3836,1918,1526728,763364,959000.0,381682000.0,500.0,False,True,3836,1918,0,0,3836,1918,9.765625e-05,32.721778155775944,-0.30495456712045077,-0.30495456712045077,-0.30495456712045077,False,-0.00997439878667106,9.765625e-05,False
trial,398,398,398,927.0427266874001,927.0427266874001,927.0427266874001,927.0427266874001,3836,1918,0,0,3836,1918,1530564,765282,959000.0,382641000.0,500.0,False,True,3836,1918,0,0,3836,1918,4.8828125e-05,32.721778155775944,0.31753200228831063,0.31753200228831063,0.31753200228831063,False,-0.005238506927985351,4.8828125e-05,True
trial,399,399,398,927.0444002860711,927.0444002860711,927.0427266874001,927.0427266874001,3836,1918,0,0,3836,1918,1534400,767200,959000.0,383600000.0,500.0,False,True,3836,1918,0,0,3836,1918,9.765625e-05,42.718604714093566,-0.14443672974175753,-0.14443672974175753,-0.14443672974175753,False,-0.011587071197173029,9.765625e-05,False
trial,400,400,400,927.0402448430027,927.0402448430027,927.0402448430027,927.0402448430027,3836,1918,0,0,3836,1918,1538236,769118,959000.0,384559000.0,500.0,False,True,3836,1918,0,0,3836,1918,4.8828125e-05,42.718604714093566,0.41092581471184225,0.41092581471184225,0.41092581471184225,False,-0.006039640997293739,4.8828125e-05,True
trial,401,401,400,927.0432508860797,927.0432508860797,927.0402448430027,927.0402448430027,3836,1918,0,0,3836,1918,1542072,771036,959000.0,385518000.0,500.0,False,True,3836,1918,0,0,3836,1918,9.765625e-05,32.65983380718253,-0.3018254861759583,-0.3018254861759583,-0.3018254861759583,False,-0.009959540246515592,9.765625e-05,False
trial,402,402,402,927.038578338821,927.038578338821,927.038578338821,927.038578338821,3836,1918,0,0,3836,1918,1545908,772954,959000.0,386477000.0,500.0,False,True,3836,1918,0,0,3836,1918,4.8828125e-05,32.65983380718253,0.3189768951405343,0.3189768951405343,0.3189768951405343,False,-0.005224529447346925,4.8828125e-05,True
trial,403,403,402,927.0402708820582,927.0402708820582,927.038578338821,927.038578338821,3836,1918,0,0,3836,1918,1549744,774872,959000.0,387436000.0,500.0,False,True,3836,1918,0,0,3836,1918,9.765625e-05,42.72608193333766,-0.14514728818824751,-0.14514728818824751,-0.14514728818824751,False,-0.011660867097604498,9.765625e-05,False
trial,404,404,404,927.0360782566004,927.0360782566004,927.0360782566004,927.0360782566004,3836,1918,0,0,3836,1918,1553580,776790,959000.0,388395000.0,500.0,False,True,3836,1918,0,0,3836,1918,4.8828125e-05,42.72608193333766,0.4122018637258126,0.4122018637258126,0.4122018637258126,False,-0.006065189026686074,4.8828125e-05,True
trial,405,405,404,927.0392467215947,927.0392467215947,927.0360782566004,927.0360782566004,3836,1918,0,0,3836,1918,1557416,778708,959000.0,389354000.0,500.0,False,True,3836,1918,0,0,3836,1918,9.765625e-05,32.902695740926134,-0.31610818364156457,-0.31610818364156457,-0.31610818364156457,False,-0.010023356427724412,9.765625e-05,False
trial,406,406,406,927.0344046683788,927.0344046683788,927.0344046683788,927.0344046683788,3836,1918,0,0,3836,1918,1561252,780626,959000.0,390313000.0,500.0,False,True,3836,1918,0,0,3836,1918,4.8828125e-05,32.902695740926134,0.3190558907417063,0.3190558907417063,0.3190558907417063,False,-0.005245439028572724,4.8828125e-05,True
trial,407,407,406,927.0360238794672,927.0360238794672,927.0344046683788,927.0344046683788,3836,1918,0,0,3836,1918,1565088,782544,959000.0,391272000.0,500.0,False,True,3836,1918,0,0,3836,1918,9.765625e-05,43.0355460296343,-0.13814108939824277,-0.13814108939824277,-0.13814108939824277,False,-0.011721429847090388,9.765625e-05,False
trial,408,408,408,927.0318746644705,927.0318746644705,927.0318746644705,927.0318746644705,3836,1918,0,0,3836,1918,1568924,784462,959000.0,392231000.0,500.0,False,True,3836,1918,0,0,3836,1918,4.8828125e-05,43.0355460296343,0.4149529289278745,0.4149529289278745,0.4149529289278745,False,-0.006097086517359393,4.8828125e-05,True
trial,409,409,408,927.0350078755957,927.0350078755957,927.0318746644705,927.0318746644705,3836,1918,0,0,3836,1918,1572760,786380,959000.0,393190000.0,500.0,False,True,3836,1918,0,0,3836,1918,9.765625e-05,33.01584214212953,-0.31223163178222246,-0.31223163178222246,-0.31223163178222246,False,-0.010034893349450654,9.765625e-05,False
trial,410,410,410,927.0301832085328,927.0301832085328,927.0301832085328,927.0301832085328,3836,1918,0,0,3836,1918,1576596,788298,959000.0,394149000.0,500.0,False,True,3836,1918,0,0,3836,1918,4.8828125e-05,33.01584214212953,0.3221682580594132,0.3221682580594132,0.3221682580594132,False,-0.0052502252949788745,4.8828125e-05,True
trial,411,411,410,927.0319188454055,927.0319188454055,927.0301832085328,927.0301832085328,3836,1918,0,0,3836,1918,1580432,790216,959000.0,395108000.0,500.0,False,True,3836,1918,0,0,3836,1918,9.765625e-05,42.9228337264744,-0.14771475605807588,-0.14771475605807588,-0.14771475605807588,False,-0.011749922072867796,9.765625e-05,False
trial,412,412,412,927.0276382097545,927.0276382097545,927.0276382097545,927.0276382097545,3836,1918,0,0,3836,1918,1584268,792134,959000.0,396067000.0,500.0,False,True,3836,1918,0,0,3836,1918,4.8828125e-05,42.9228337264744,0.4165146474542457,0.4165146474542457,0.4165146474542457,False,-0.006110226360146834,4.8828125e-05,True
trial,413,413,412,927.0307613126217,927.0307613126217,927.0276382097545,927.0276382097545,3836,1918,0,0,3836,1918,1588104,794052,959000.0,397026000.0,500.0,False,True,3836,1918,0,0,3836,1918,9.765625e-05,33.07690756898609,-0.3103386449500567,-0.3103386449500567,-0.3103386449500567,False,-0.01006353194499369,9.765625e-05,False
trial,414,414,414,927.0259433680117,927.0259433680117,927.0259433680117,927.0259433680117,3836,1918,0,0,3836,1918,1591940,795970,959000.0,397985000.0,500.0,False,True,3836,1918,0,0,3836,1918,4.8828125e-05,33.07690756898609,0.32188955269000724,0.32188955269000724,0.32188955269000724,False,-0.0052652896892208916,4.8828125e-05,True
trial,415,415,414,927.0275591813449,927.0275591813449,927.0259433680117,927.0259433680117,3836,1918,0,0,3836,1918,1595776,797888,959000.0,398944000.0,500.0,False,True,3836,1918,0,0,3836,1918,9.765625e-05,43.081187552515814,-0.13685010459078398,-0.13685010459078398,-0.13685010459078398,False,-0.011807176458545275,9.765625e-05,False
trial,416,416,416,927.023370670695,927.023370670695,927.023370670695,927.023370670695,3836,1918,0,0,3836,1918,1599612,799806,959000.0,399903000.0,500.0,False,True,3836,1918,0,0,3836,1918,4.8828125e-05,43.081187552515814,0.4190897228138846,0.4190897228138846,0.4190897228138846,False,-0.006138774531021911,4.8828125e-05,True
trial,417,417,416,927.0264548116991,927.0264548116991,927.023370670695,927.023370670695,3836,1918,0,0,3836,1918,1603448,801724,959000.0,400862000.0,500.0,False,True,3836,1918,0,0,3836,1918,9.765625e-05,33.06579684863384,-0.3062590594341569,-0.3062590594341569,-0.3062590594341569,False,-0.010070366603104328,9.765625e-05,False
trial,418,418,418,927.0216607137875,927.0216607137875,927.0216607137875,927.0216607137875,3836,1918,0,0,3836,1918,1607284,803642,959000.0,401821000.0,500.0,False,True,3836,1918,0,0,3836,1918,4.8828125e-05,33.06579684863384,0.32454188123897154,0.32454188123897154,0.32454188123897154,False,-0.005268832796086061,4.8828125e-05,True
trial,419,419,418,927.0233028033841,927.0233028033841,927.0216607137875,927.0216607137875,3836,1918,0,0,3836,1918,1611120,805560,959000.0,402780000.0,500.0,False,True,3836,1918,0,0,3836,1918,9.765625e-05,42.991863644688436,-0.13876171124325312,-0.13876171124325312,-0.13876171124325312,False,-0.011833881132951304,9.765625e-05,False
trial,420,420,420,927.019074577075,927.019074577075,927.019074577075,927.019074577075,3836,1918,0,0,3836,1918,1614956,807478,959000.0,403739000.0,500.0,False,True,3836,1918,0,0,3836,1918,4.8828125e-05,42.991863644688436,0.420471866745087,0.420471866745087,0.420471866745087,False,-0.006150558258476948,4.8828125e-05,True
trial,421,421,420,927.0221598933933,927.0221598933933,927.019074577075,927.019074577075,3836,1918,0,0,3836,1918,1618792,809396,959000.0,404698000.0,500.0,False,True,3836,1918,0,0,3836,1918,9.765625e-05,33.06134125076881,-0.30575649624286994,-0.30575649624286994,-0.30575649624286994,False,-0.010090762931437472,9.765625e-05,False
trial,422,422,422,927.0173456831062,927.0173456831062,927.0173456831062,927.0173456831062,3836,1918,0,0,3836,1918,1622628,811314,959000.0,405657000.0,500.0,False,True,3836,1918,0,0,3836,1918,4.8828125e-05,33.06134125076881,0.327766874409687,0.327766874409687,0.327766874409687,False,-0.00527476723174814,4.8828125e-05,True
trial,423,423,422,927.0189837201924,927.0189837201924,927.0173456831062,927.0173456831062,3836,1918,0,0,3836,1918,1626464,813232,959000.0,406616000.0,500.0,False,True,3836,1918,0,0,3836,1918,9.765625e-05,42.97437985467239,-0.13842833301786114,-0.13842833301786114,-0.13842833301786114,False,-0.011833105625738492,9.765625e-05,False
trial,424,424,424,927.0147610500846,927.0147610500846,927.0147610500846,927.0147610500846,3836,1918,0,0,3836,1918,1630300,815150,959000.0,407575000.0,500.0,False,True,3836,1918,0,0,3836,1918,4.8828125e-05,42.97437985467239,0.420316979136785,0.420316979136785,0.420316979136785,False,-0.00614924723449929,4.8828125e-05,True
trial,425,425,424,927.0177403554832,927.0177403554832,927.0147610500846,927.0147610500846,3836,1918,0,0,3836,1918,1634136,817068,959000.0,408534000.0,500.0,False,True,3836,1918,0,0,3836,1918,9.765625e-05,33.114212267357345,-0.29400053430275386,-0.29400053430275386,-0.29400053430275386,False,-0.010133673415225355,9.765625e-05,False
trial,426,426,426,927.0130192770107,927.0130192770107,927.0130192770107,927.0130192770107,3836,1918,0,0,3836,1918,1637972,818986,959000.0,409493000.0,500.0,False,True,3836,1918,0,0,3836,1918,4.8828125e-05,33.114212267357345,0.32842785802732904,0.32842785802732904,0.32842785802732904,False,-0.005303365811923179,4.8828125e-05,True
trial,427,427,426,927.0146251920996,927.0146251920996,927.0130192770107,927.0130192770107,3836,1918,0,0,3836,1918,1641808,820904,959000.0,410452000.0,500.0,False,True,3836,1918,0,0,3836,1918,9.765625e-05,43.023405475926296,-0.13542970531833062,-0.13542970531833062,-0.13542970531833062,False,-0.01185792352686397,9.765625e-05,False
trial,428,428,428,927.0104228127414,927.0104228127414,927.0104228127414,927.0104228127414,3836,1918,0,0,3836,1918,1645644,822822,959000.0,411411000.0,500.0,False,True,3836,1918,0,0,3836,1918,4.8828125e-05,43.023405475926296,0.4215044000655334,0.4215044000655334,0.4215044000655334,False,-0.006159993273952889,4.8828125e-05,True
trial,429,429,428,927.0133839203878,927.0133839203878,927.0104228127414,927.0104228127414,3836,1918,0,0,3836,1918,1649480,824740,959000.0,412370000.0,500.0,False,True,3836,1918,0,0,3836,1918,9.765625e-05,33.29952461669998,-0.2922815654236162,-0.2922815654236162,-0.2922815654236162,False,-0.010131010630672257,9.765625e-05,False
trial,430,430,430,927.0086789804984,927.0086789804984,927.0086789804984,927.0086789804984,3836,1918,0,0,3836,1918,1653316,826658,959000.0,413329000.0,500.0,False,True,3836,1918,0,0,3836,1918,4.8828125e-05,33.29952461669998,0.32875874075594913,0.32875874075594913,0.32875874075594913,False,-0.0053042916484206185,4.8828125e-05,True
trial,431,431,430,927.0099318365125,927.0099318365125,927.0086789804984,927.0086789804984,3836,1918,0,0,3836,1918,1657152,828576,959000.0,414288000.0,500.0,False,True,3836,1918,0,0,3836,1918,9.765625e-05,43.2807565966913,-0.10621520758266488,-0.10621520758266488,-0.10621520758266488,False,-0.01179544852909176,9.765625e-05,False
trial,432,432,432,927.0060721192291,927.0060721192291,927.0060721192291,927.0060721192291,3836,1918,0,0,3836,1918,1660988,830494,959000.0,415247000.0,500.0,False,True,3836,1918,0,0,3836,1918,4.8828125e-05,43.2807565966913,0.4227464759212225,0.4227464759212225,0.4227464759212225,False,-0.006166488469589857,4.8828125e-05,True
trial,433,433,432,927.0090781605575,927.0090781605575,927.0060721192291,927.0060721192291,3836,1918,0,0,3836,1918,1664824,832412,959000.0,416206000.0,500.0,False,True,3836,1918,0,0,3836,1918,9.765625e-05,33.68707019597719,-0.2966022439138824,-0.2966022439138824,-0.2966022439138824,False,-0.010134924431823032,9.765625e-05,False
trial,434,434,434,927.0043164576582,927.0043164576582,927.0043164576582,927.0043164576582,3836,1918,0,0,3836,1918,1668660,834330,959000.0,417165000.0,500.0,False,True,3836,1918,0,0,3836,1918,4.8828125e-05,33.68707019597719,0.3312380267316089,0.3312380267316089,0.3312380267316089,False,-0.005300301985874489,4.8828125e-05,True
trial,435,435,434,927.0056876900837,927.0056876900837,927.0043164576582,927.0043164576582,3836,1918,0,0,3836,1918,1672496,836248,959000.0,418124000.0,500.0,False,True,3836,1918,0,0,3836,1918,9.765625e-05,43.318988291770566,-0.11599220309271696,-0.11599220309271696,-0.11599220309271696,False,-0.01182176378209263,9.765625e-05,False
trial,436,436,436,927.0017072808007,927.0017072808007,927.0017072808007,927.0017072808007,3836,1918,0,0,3836,1918,1676332,838166,959000.0,419083000.0,500.0,False,True,3836,1918,0,0,3836,1918,4.8828125e-05,43.318988291770566,0.4229582446176379,0.4229582446176379,0.4229582446176379,False,-0.006168875747682906,4.8828125e-05,True
trial,437,437,436,927.0047306296617,927.0047306296617,927.0017072808007,927.0017072808007,3836,1918,0,0,3836,1918,1680168,840084,959000.0,420042000.0,500.0,False,True,3836,1918,0,0,3836,1918,9.765625e-05,33.83232733604029,-0.29726936093667267,-0.29726936093667267,-0.29726936093667267,False,-0.010170401858705477,9.765625e-05,False
trial,438,438,438,926.9999534890703,926.9999534890703,926.9999534890703,926.9999534890703,3836,1918,0,0,3836,1918,1684004,842002,959000.0,421001000.0,500.0,False,True,3836,1918,0,0,3836,1918,4.8828125e-05,33.83232733604029,0.32983450720942614,0.32983450720942614,0.32983450720942614,False,-0.005317186928735321,4.8828125e-05,True
trial,439,439,438,927.0014657942489,927.0014657942489,926.9999534890703,926.9999534890703,3836,1918,0,0,3836,1918,1687840,843920,959000.0,421960000.0,500.0,False,True,3836,1918,0,0,3836,1918,9.765625e-05,43.51178779508981,-0.126689157253881,-0.126689157253881,-0.126689157253881,False,-0.011937131885541435,9.765625e-05,False
trial,440,440,440,926.9973203003537,926.9973203003537,926.9973203003537,926.9973203003537,3836,1918,0,0,3836,1918,1691676,845838,959000.0,422919000.0,500.0,False,True,3836,1918,0,0,3836,1918,4.8828125e-05,43.51178779508981,0.4250266304217008,0.4250266304217008,0.4250266304217008,False,-0.006195349957154196,4.8828125e-05,True
trial,441,441,440,927.0003033298651,927.0003033298651,926.9973203003537,926.9973203003537,3836,1918,0,0,3836,1918,1695512,847756,959000.0,423878000.0,500.0,False,True,3836,1918,0,0,3836,1918,9.765625e-05,33.934549902675805,-0.2931351129299525,-0.2931351129299525,-0.2931351129299525,False,-0.01017629543439436,9.765625e-05,False
trial,442,442,442,926.9955642593604,926.9955642593604,926.9955642593604,926.9955642593604,3836,1918,0,0,3836,1918,1699348,849674,959000.0,424837000.0,500.0,False,True,3836,1918,0,0,3836,1918,4.8828125e-05,33.934549902675805,0.3298659525162006,0.3298659525162006,0.3298659525162006,False,-0.0053234987725133635,4.8828125e-05,True
trial,443,443,442,926.9969399455103,926.9969399455103,926.9955642593604,926.9955642593604,3836,1918,0,0,3836,1918,1703184,851592,959000.0,425796000.0,500.0,False,True,3836,1918,0,0,3836,1918,9.765625e-05,43.717769521802,-0.1154020388473804,-0.1154020388473804,-0.1154020388473804,False,-0.011920813216589573,9.765625e-05,False
trial,444,444,444,926.9929042211313,926.9929042211313,926.9929042211313,926.9929042211313,3836,1918,0,0,3836,1918,1707020,853510,959000.0,426755000.0,500.0,False,True,3836,1918,0,0,3836,1918,4.8828125e-05,43.717769521802,0.42789684180572546,0.42789684180572546,0.42789684180572546,False,-0.006216540925841291,4.8828125e-05,True
trial,445,445,444,926.9958734744853,926.9958734744853,926.9929042211313,926.9929042211313,3836,1918,0,0,3836,1918,1710856,855428,959000.0,427714000.0,500.0,False,True,3836,1918,0,0,3836,1918,9.765625e-05,34.304243041045694,-0.2922443713911001,-0.2922443713911001,-0.2922443713911001,False,-0.010160172939631115,9.765625e-05,False
trial,446,446,446,926.9911474680946,926.9911474680946,926.9911474680946,926.9911474680946,3836,1918,0,0,3836,1918,1714692,857346,959000.0,428673000.0,500.0,False,True,3836,1918,0,0,3836,1918,4.8828125e-05,34.304243041045694,0.33050864736668195,0.33050864736668195,0.33050864736668195,False,-0.0053153012809584324,4.8828125e-05,True
trial,447,447,446,926.9925497824236,926.9925497824236,926.9911474680946,926.9911474680946,3836,1918,0,0,3836,1918,1718528,859264,959000.0,429632000.0,500.0,False,True,3836,1918,0,0,3836,1918,9.765625e-05,43.79803642183935,-0.11650479252828261,-0.11650479252828261,-0.11650479252828261,False,-0.012036537712644811,9.765625e-05,False
trial,448,448,448,926.9884635253709,926.9884635253709,926.9884635253709,926.9884635253709,3836,1918,0,0,3836,1918,1722364,861182,959000.0,430591000.0,500.0,False,True,3836,1918,0,0,3836,1918,4.8828125e-05,43.79803642183935,0.429902062878984,0.429902062878984,0.429902062878984,False,-0.0062431492087581435,4.8828125e-05,True
trial,449,449,448,926.9914159419748,926.9914159419748,926.9884635253709,926.9884635253709,3836,1918,0,0,3836,1918,1726200,863100,959000.0,431550000.0,500.0,False,True,3836,1918,0,0,3836,1918,9.765625e-05,34.120294263963174,-0.29036399994943973,-0.29036399994943973,-0.29036399994943973,False,-0.010167984338242892,9.765625e-05,False
trial,450,450,450,926.9867003720556,926.9867003720556,926.9867003720556,926.9867003720556,3836,1918,0,0,3836,1918,1730036,865018,959000.0,432509000.0,500.0,False,True,3836,1918,0,0,3836,1918,4.8828125e-05,34.120294263963174,0.33150364119058195,0.33150364119058195,0.33150364119058195,False,-0.005318654446724062,4.8828125e-05,True
trial,451,451,450,926.9880644254154,926.9880644254154,926.9867003720556,926.9867003720556,3836,1918,0,0,3836,1918,1733872,866936,959000.0,433468000.0,500.0,False,True,3836,1918,0,0,3836,1918,9.765625e-05,43.87042665311423,-0.11301229873231387,-0.11301229873231387,-0.11301229873231387,False,-0.012069954996885561,9.765625e-05,False
trial,452,452,452,926.9840004920948,926.9840004920948,926.9840004920948,926.9840004920948,3836,1918,0,0,3836,1918,1737708,868854,959000.0,434427000.0,500.0,False,True,3836,1918,0,0,3836,1918,4.8828125e-05,43.87042665311423,0.43135559369609044,0.43135559369609044,0.43135559369609044,False,-0.006259058651974007,4.8828125e-05,True
trial,453,453,452,926.9869428362634,926.9869428362634,926.9840004920948,926.9840004920948,3836,1918,0,0,3836,1918,1741544,870772,959000.0,435386000.0,500.0,False,True,3836,1918,0,0,3836,1918,9.765625e-05,34.247876337281355,-0.2889433031317148,-0.2889433031317148,-0.2889433031317148,False,-0.010183119445173121,9.765625e-05,False
trial,454,454,454,926.9822308807074,926.9822308807074,926.9822308807074,926.9822308807074,3836,1918,0,0,3836,1918,1745380,872690,959000.0,436345000.0,500.0,False,True,3836,1918,0,0,3836,1918,4.8828125e-05,34.247876337281355,0.33222718336451984,0.33222718336451984,0.33222718336451984,False,-0.005326509918291389,4.8828125e-05,True
trial,455,455,454,926.9835561539255,926.9835561539255,926.9822308807074,926.9822308807074,3836,1918,0,0,3836,1918,1749216,874608,959000.0,437304000.0,500.0,False,True,3836,1918,0,0,3836,1918,9.765625e-05,44.004803412990405,-0.10946772384906822,-0.10946772384906822,-0.10946772384906822,False,-0.01210652027349177,9.765625e-05,False
trial,456,456,456,926.979518996194,926.979518996194,926.979518996194,926.979518996194,3836,1918,0,0,3836,1918,1753052,876526,959000.0,438263000.0,500.0,False,True,3836,1918,0,0,3836,1918,4.8828125e-05,44.004803412990405,0.43298712632682834,0.43298712632682834,0.43298712632682834,False,-0.006263198946535687,4.8828125e-05,True
trial,457,457,456,926.9823860774758,926.9823860774758,926.979518996194,926.979518996194,3836,1918,0,0,3836,1918,1756888,878444,959000.0,439222000.0,500.0,False,True,3836,1918,0,0,3836,1918,9.765625e-05,34.402022302268044,-0.2816691016175754,-0.2816691016175754,-0.2816691016175754,False,-0.010178898804807532,9.765625e-05,False
trial,458,458,458,926.9777430866368,926.9777430866368,926.9777430866368,926.9777430866368,3836,1918,0,0,3836,1918,1760724,880362,959000.0,440181000.0,500.0,False,True,3836,1918,0,0,3836,1918,4.8828125e-05,34.402022302268044,0.33353752651649277,0.33353752651649277,0.33353752651649277,False,-0.005324467011942241,4.8828125e-05,True
trial,459,459,458,926.9790267523654,926.9790267523654,926.9777430866368,926.9777430866368,3836,1918,0,0,3836,1918,1764560,882280,959000.0,441140000.0,500.0,False,True,3836,1918,0,0,3836,1918,9.765625e-05,44.06015219009045,-0.1057239033062501,-0.1057239033062501,-0.1057239033062501,False,-0.012141679302744459,9.765625e-05,False
trial,460,460,460,926.9750017482029,926.9750017482029,926.9750017482029,926.9750017482029,3836,1918,0,0,3836,1918,1768396,884198,959000.0,442099000.0,500.0,False,True,3836,1918,0,0,3836,1918,4.8828125e-05,44.06015219009045,0.4362284295687312,0.4362284295687312,0.4362284295687312,False,-0.006284181057656363,4.8828125e-05,True
trial,461,461,460,926.9778105778599,926.9778105778599,926.9750017482029,926.9750017482029,3836,1918,0,0,3836,1918,1772232,886116,959000.0,443058000.0,500.0,False,True,3836,1918,0,0,3836,1918,9.765625e-05,34.52117626620483,-0.2760446469681219,-0.2760446469681219,-0.2760446469681219,False,-0.010175273050595453,9.765625e-05,False
trial,462,462,462,926.9731925135827,926.9731925135827,926.9731925135827,926.9731925135827,3836,1918,0,0,3836,1918,1776068,888034,959000.0,444017000.0,500.0,False,True,3836,1918,0,0,3836,1918,4.8828125e-05,34.52117626620483,0.33990394032675797,0.33990394032675797,0.33990394032675797,False,-0.005322782132002037,4.8828125e-05,True
trial,463,463,462,926.9744951566702,926.9744951566702,926.9731925135827,926.9731925135827,3836,1918,0,0,3836,1918,1779904,889952,959000.0,444976000.0,500.0,False,True,3836,1918,0,0,3836,1918,9.765625e-05,44.157680517510045,-0.10747628833621338,-0.10747628833621338,-0.10747628833621338,False,-0.012120283530643417,9.765625e-05,False
trial,464,464,464,926.9704710641265,926.9704710641265,926.9704710641265,926.9704710641265,3836,1918,0,0,3836,1918,1783740,891870,959000.0,445935000.0,500.0,False,True,3836,1918,0,0,3836,1918,4.8828125e-05,44.157680517510045,0.43407913435696344,0.43407913435696344,0.43407913435696344,False,-0.006269477707641076,4.8828125e-05,True
trial,465,465,464,926.9731882518442,926.9731882518442,926.9704710641265,926.9704710641265,3836,1918,0,0,3836,1918,1787576,893788,959000.0,446894000.0,500.0,False,True,3836,1918,0,0,3836,1918,9.765625e-05,34.6671950460394,-0.2662316374565614,-0.2662316374565614,-0.2662316374565614,False,-0.010206103766230837,9.765625e-05,False
trial,466,466,466,926.9686616722659,926.9686616722659,926.9686616722659,926.9686616722659,3836,1918,0,0,3836,1918,1791412,895706,959000.0,447853000.0,500.0,False,True,3836,1918,0,0,3836,1918,4.8828125e-05,34.6671950460394,0.3373536572170808,0.3373536572170808,0.3373536572170808,False,-0.00536348672069285,4.8828125e-05,True
trial,467,467,466,926.969905634587,926.969905634587,926.9686616722659,926.9686616722659,3836,1918,0,0,3836,1918,1795248,897624,959000.0,448812000.0,500.0,False,True,3836,1918,0,0,3836,1918,9.765625e-05,44.24544750349201,-0.10218702856465976,-0.10218702856465976,-0.10218702856465976,False,-0.012173387744294174,9.765625e-05,False
trial,468,468,468,926.9659103208736,926.9659103208736,926.9659103208736,926.9659103208736,3836,1918,0,0,3836,1918,1799084,899542,959000.0,449771000.0,500.0,False,True,3836,1918,0,0,3836,1918,4.8828125e-05,44.24544750349201,0.43695372810466426,0.43695372810466426,0.43695372810466426,False,-0.006296665333839523,4.8828125e-05,True
trial,469,469,468,926.9685501216321,926.9685501216321,926.9659103208736,926.9659103208736,3836,1918,0,0,3836,1918,1802920,901460,959000.0,450730000.0,500.0,False,True,3836,1918,0,0,3836,1918,9.765625e-05,34.77970844408446,-0.25902830984439557,-0.25902830984439557,-0.25902830984439557,False,-0.01019116698132944,9.765625e-05,False
trial,470,470,470,926.9641089621023,926.9641089621023,926.9641089621023,926.9641089621023,3836,1918,0,0,3836,1918,1806756,903378,959000.0,451689000.0,500.0,False,True,3836,1918,0,0,3836,1918,4.8828125e-05,34.77970844408446,0.3362055285019209,0.3362055285019209,0.3362055285019209,False,-0.005357909429264366,4.8828125e-05,True
trial,471,471,470,926.9652859222384,926.9652859222384,926.9641089621023,926.9641089621023,3836,1918,0,0,3836,1918,1810592,905296,959000.0,452648000.0,500.0,False,True,3836,1918,0,0,3836,1918,9.765625e-05,44.39217565892089,-0.09617884136554562,-0.09617884136554562,-0.09617884136554562,False,-0.012237204352213624,9.765625e-05,False
trial,472,472,472,926.961326714562,926.961326714562,926.961326714562,926.961326714562,3836,1918,0,0,3836,1918,1814428,907214,959000.0,453607000.0,500.0,False,True,3836,1918,0,0,3836,1918,4.8828125e-05,44.39217565892089,0.43893676875963344,0.43893676875963344,0.43893676875963344,False,-0.006338606693008269,4.8828125e-05,True
trial,473,473,472,926.9640436982465,926.9640436982465,926.961326714562,926.961326714562,3836,1918,0,0,3836,1918,1818264,909132,959000.0,454566000.0,500.0,False,True,3836,1918,0,0,3836,1918,9.765625e-05,34.85328821125367,-0.26512502096067275,-0.26512502096067275,-0.26512502096067275,False,-0.010247933879235836,9.765625e-05,False
trial,474,474,474,926.9595180951146,926.9595180951146,926.9595180951146,926.9595180951146,3836,1918,0,0,3836,1918,1822100,911050,959000.0,455525000.0,500.0,False,True,3836,1918,0,0,3836,1918,4.8828125e-05,34.85328821125367,0.3373454028572531,0.3373454028572531,0.3373454028572531,False,-0.005361328276802975,4.8828125e-05,True
trial,475,475,474,926.9606560119945,926.9606560119945,926.9595180951146,926.9595180951146,3836,1918,0,0,3836,1918,1825936,912968,959000.0,456484000.0,500.0,False,True,3836,1918,0,0,3836,1918,9.765625e-05,44.483846646235314,-0.0927348534693792,-0.0927348534693792,-0.0927348534693792,False,-0.012270649462552904,9.765625e-05,False
trial,476,476,476,926.9567191181117,926.9567191181117,926.9567191181117,926.9567191181117,3836,1918,0,0,3836,1918,1829772,914886,959000.0,457443000.0,500.0,False,True,3836,1918,0,0,3836,1918,4.8828125e-05,44.483846646235314,0.4404914371029201,0.4404914371029201,0.4404914371029201,False,-0.0063542143324332775,4.8828125e-05,True
trial,477,477,476,926.9593776188965,926.9593776188965,926.9567191181117,926.9567191181117,3836,1918,0,0,3836,1918,1833608,916804,959000.0,458402000.0,500.0,False,True,3836,1918,0,0,3836,1918,9.765625e-05,34.979636120966106,-0.2602280759865929,-0.2602280759865929,-0.2602280759865929,False,-0.010216041350470991,9.765625e-05,False
trial,478,478,478,926.9548817867994,926.9548817867994,926.9548817867994,926.9548817867994,3836,1918,0,0,3836,1918,1837444,918722,959000.0,459361000.0,500.0,False,True,3836,1918,0,0,3836,1918,4.8828125e-05,34.979636120966106,0.3422871232859929,0.3422871232859929,0.3422871232859929,False,-0.005367807280018294,4.8828125e-05,True
trial,479,479,478,926.9560259299858,926.9560259299858,926.9548817867994,926.9548817867994,3836,1918,0,0,3836,1918,1841280,920640,959000.0,460320000.0,500.0,False,True,3836,1918,0,0,3836,1918,9.765625e-05,44.569461683427505,-0.09331426623319458,-0.09331426623319458,-0.09331426623319458,False,-0.012261181838012506,9.765625e-05,False
trial,480,480,480,926.9520875727085,926.9520875727085,926.9520875727085,926.9520875727085,3836,1918,0,0,3836,1918,1845116,922558,959000.0,461279000.0,500.0,False,True,3836,1918,0,0,3836,1918,4.8828125e-05,44.569461683427505,0.44013055227760906,0.44013055227760906,0.44013055227760906,False,-0.006348602878157056,4.8828125e-05,True
trial,481,481,480,926.9548093570296,926.9548093570296,926.9520875727085,926.9520875727085,3836,1918,0,0,3836,1918,1848952,924476,959000.0,462238000.0,500.0,False,True,3836,1918,0,0,3836,1918,9.765625e-05,35.11895772584759,-0.2637249833939591,-0.2637249833939591,-0.2637249833939591,False,-0.010320540307168459,9.765625e-05,False
trial,482,482,482,926.9502424909488,926.9502424909488,926.9502424909488,926.9502424909488,3836,1918,0,0,3836,1918,1852788,926394,959000.0,463197000.0,500.0,False,True,3836,1918,0,0,3836,1918,4.8828125e-05,35.11895772584759,0.34196171692674804,0.34196171692674804,0.34196171692674804,False,-0.005395579880383384,4.8828125e-05,True
trial,483,483,482,926.9513491920723,926.9513491920723,926.9502424909488,926.9502424909488,3836,1918,0,0,3836,1918,1856624,928312,959000.0,464156000.0,500.0,False,True,3836,1918,0,0,3836,1918,9.765625e-05,44.641913221380065,-0.09001679187221778,-0.09001679187221778,-0.09001679187221778,False,-0.012294385308254349,9.765625e-05,False
trial,484,484,484,926.947430155565,926.947430155565,926.947430155565,926.947430155565,3836,1918,0,0,3836,1918,1860460,930230,959000.0,465115000.0,500.0,False,True,3836,1918,0,0,3836,1918,4.8828125e-05,44.641913221380065,0.4418862862590488,0.4418862862590488,0.4418862862590488,False,-0.006364387108606888,4.8828125e-05,True
trial,485,485,484,926.9501834647157,926.9501834647157,926.947430155565,926.947430155565,3836,1918,0,0,3836,1918,1864296,932148,959000.0,466074000.0,500.0,False,True,3836,1918,0,0,3836,1918,9.765625e-05,35.233258667556825,-0.26655085308705506,-0.26655085308705506,-0.26655085308705506,False,-0.01032939538088514,9.765625e-05,False
trial,486,486,486,926.9455792706032,926.9455792706032,926.9455792706032,926.9455792706032,3836,1918,0,0,3836,1918,1868132,934066,959000.0,467033000.0,500.0,False,True,3836,1918,0,0,3836,1918,4.8828125e-05,35.233258667556825,0.34280070379422767,0.34280070379422767,0.34280070379422767,False,-0.005399303272665937,4.8828125e-05,True
trial,487,487,486,926.9466493411826,926.9466493411826,926.9455792706032,926.9455792706032,3836,1918,0,0,3836,1918,1871968,935984,959000.0,467992000.0,500.0,False,True,3836,1918,0,0,3836,1918,9.765625e-05,44.78137890673867,-0.08678856808352466,-0.08678856808352466,-0.08678856808352466,False,-0.012329625929544325,9.765625e-05,False
trial,488,488,488,926.9427492444463,926.9427492444463,926.9427492444463,926.9427492444463,3836,1918,0,0,3836,1918,1875804,937902,959000.0,468951000.0,500.0,False,True,3836,1918,0,0,3836,1918,4.8828125e-05,44.78137890673867,0.4434680239799511,0.4434680239799511,0.4434680239799511,False,-0.006381578837317481,4.8828125e-05,True
trial,489,489,488,926.9454280700065,926.9454280700065,926.9427492444463,926.9427492444463,3836,1918,0,0,3836,1918,1879640,939820,959000.0,469910000.0,500.0,False,True,3836,1918,0,0,3836,1918,9.765625e-05,35.346947500086785,-0.2590652820675818,-0.2590652820675818,-0.2590652820675818,False,-0.010340349501270963,9.765625e-05,False
trial,490,490,490,926.9408846548802,926.9408846548802,926.9408846548802,926.9408846548802,3836,1918,0,0,3836,1918,1883476,941738,959000.0,470869000.0,500.0,False,True,3836,1918,0,0,3836,1918,4.8828125e-05,35.346947500086785,0.34500152019428865,0.34500152019428865,0.34500152019428865,False,-0.005404583623542529,4.8828125e-05,True
trial,491,491,490,926.9419344488248,926.9419344488248,926.9408846548802,926.9408846548802,3836,1918,0,0,3836,1918,1887312,943656,959000.0,471828000.0,500.0,False,True,3836,1918,0,0,3836,1918,9.765625e-05,44.89838587737204,-0.08501034081766086,-0.08501034081766086,-0.08501034081766086,False,-0.012349014655387671,9.765625e-05,False
trial,492,492,492,926.9380304933389,926.9380304933389,926.9380304933389,926.9380304933389,3836,1918,0,0,3836,1918,1891148,945574,959000.0,472787000.0,500.0,False,True,3836,1918,0,0,3836,1918,4.8828125e-05,44.89838587737204,0.4467902047002672,0.4467902047002672,0.4467902047002672,False,-0.006388147079314436,4.8828125e-05,True
trial,493,493,492,926.9407487289711,926.9407487289711,926.9380304933389,926.9380304933389,3836,1918,0,0,3836,1918,1894984,947492,959000.0,473746000.0,500.0,False,True,3836,1918,0,0,3836,1918,9.765625e-05,35.329650609422664,-0.26348171579465407,-0.26348171579465407,-0.26348171579465407,False,-0.010316600618715371,9.765625e-05,False
trial,494,494,494,926.9361439408693,926.9361439408693,926.9361439408693,926.9361439408693,3836,1918,0,0,3836,1918,1898820,949410,959000.0,474705000.0,500.0,False,True,3836,1918,0,0,3836,1918,4.8828125e-05,35.329650609422664,0.3500608368726854,0.3500608368726854,0.3500608368726854,False,-0.005389213162111061,4.8828125e-05,True
trial,495,495,494,926.9372198031484,926.9372198031484,926.9361439408693,926.9361439408693,3836,1918,0,0,3836,1918,1902656,951328,959000.0,475664000.0,500.0,False,True,3836,1918,0,0,3836,1918,9.765625e-05,44.83443782275425,-0.08719589984631425,-0.08719589984631425,-0.08719589984631425,False,-0.012338450328407096,9.765625e-05,False
trial,496,496,496,926.9333048027314,926.9333048027314,926.9333048027314,926.9333048027314,3836,1918,0,0,3836,1918,1906492,953246,959000.0,476623000.0,500.0,False,True,3836,1918,0,0,3836,1918,4.8828125e-05,44.83443782275425,0.4445495987878025,0.4445495987878025,0.4445495987878025,False,-0.006386549770052436,4.8828125e-05,True
trial,497,497,496,926.9360841920785,926.9360841920785,926.9333048027314,926.9333048027314,3836,1918,0,0,3836,1918,1910328,955164,959000.0,477582000.0,500.0,False,True,3836,1918,0,0,3836,1918,9.765625e-05,35.5198771189219,-0.26709063005136124,-0.26709063005136124,-0.26709063005136124,False,-0.010406165677031128,9.765625e-05,False
trial,498,498,498,926.9314258442488,926.9314258442488,926.9314258442488,926.9314258442488,3836,1918,0,0,3836,1918,1914164,957082,959000.0,478541000.0,500.0,False,True,3836,1918,0,0,3836,1918,4.8828125e-05,35.5198771189219,0.34558324219738545,0.34558324219738545,0.34558324219738545,False,-0.005437064802892486,4.8828125e-05,True
trial,499,499,498,926.9324454455805,926.9324454455805,926.9314258442488,926.9314258442488,3836,1918,0,0,3836,1918,1918000,959000,959000.0,479500000.0,500.0,False,True,3836,1918,0,0,3836,1918,9.765625e-05,45.16045245174308,-0.08219276340375216,-0.08219276340375216,-0.08219276340375216,False,-0.012405001236771617,9.765625e-05,False
trial,500,500,500,926.9285548385802,926.9285548385802,926.9285548385802,926.9285548385802,3836,1918,0,0,3836,1918,1921836,960918,959000.0,480459000.0,500.0,False,True,3836,1918,0,0,3836,1918,4.8828125e-05,45.16045245174308,0.44687620958888924,0.44687620958888924,0.44687620958888924,False,-0.006424610679561621,4.8828125e-05,True
trial,501,501,500,926.9312392960865,926.9312392960865,926.9285548385802,926.9285548385802,3836,1918,0,0,3836,1918,1925672,962836,959000.0,481418000.0,500.0,False,True,3836,1918,0,0,3836,1918,9.765625e-05,35.635476219223264,-0.2579729056487918,-0.2579729056487918,-0.2579729056487918,False,-0.01040596685718926,9.765625e-05,False
trial,502,502,502,926.9266617474748,926.9266617474748,926.9266617474748,926.9266617474748,3836,1918,0,0,3836,1918,1929508,964754,959000.0,482377000.0,500.0,False,True,3836,1918,0,0,3836,1918,4.8828125e-05,35.635476219223264,0.34822053908213535,0.34822053908213535,0.34822053908213535,False,-0.005436471698177096,4.8828125e-05,True
trial,503,503,502,926.9276200454759,926.9276200454759,926.9266617474748,926.9266617474748,3836,1918,0,0,3836,1918,1933344,966672,959000.0,483336000.0,500.0,False,True,3836,1918,0,0,3836,1918,9.765625e-05,45.35536795757181,-0.07728608390971305,-0.07728608390971305,-0.07728608390971305,False,-0.012399360307307549,9.765625e-05,False
trial,504,504,504,926.9237813397082,926.9237813397082,926.9237813397082,926.9237813397082,3836,1918,0,0,3836,1918,1937180,968590,959000.0,484295000.0,500.0,False,True,3836,1918,0,0,3836,1918,4.8828125e-05,45.35536795757181,0.447714849609535,0.447714849609535,0.447714849609535,False,-0.006433576570272354,4.8828125e-05,True
trial,505,505,504,926.9263804834245,926.9263804834245,926.9237813397082,926.9237813397082,3836,1918,0,0,3836,1918,1941016,970508,959000.0,485254000.0,500.0,False,True,3836,1918,0,0,3836,1918,9.765625e-05,35.74488759159418,-0.2491358393978819,-0.2491358393978819,-0.2491358393978819,False,-0.010432636760010454,9.765625e-05,False
trial,506,506,506,926.9218896194072,926.9218896194072,926.9218896194072,926.9218896194072,3836,1918,0,0,3836,1918,1944852,972426,959000.0,486213000.0,500.0,False,True,3836,1918,0,0,3836,1918,4.8828125e-05,35.74488759159418,0.34710695323237084,0.34710695323237084,0.34710695323237084,False,-0.0054499637167046535,4.8828125e-05,True
trial,507,507,506,926.9228352092135,926.9228352092135,926.9218896194072,926.9218896194072,3836,1918,0,0,3836,1918,1948688,974344,959000.0,487172000.0,500.0,False,True,3836,1918,0,0,3836,1918,9.765625e-05,45.58407089060226,-0.07579736534707754,-0.07579736534707754,-0.07579736534707754,False,-0.012475233168891464,9.765625e-05,False
trial,508,508,508,926.9189865133535,926.9189865133535,926.9189865133535,926.9189865133535,3836,1918,0,0,3836,1918,1952524,976262,959000.0,488131000.0,500.0,False,True,3836,1918,0,0,3836,1918,4.8828125e-05,45.58407089060226,0.44968866759913895,0.44968866759913895,0.44968866759913895,False,-0.006455813239047913,4.8828125e-05,True
trial,509,509,508,926.9216252757806,926.9216252757806,926.9189865133535,926.9189865133535,3836,1918,0,0,3836,1918,1956360,978180,959000.0,489090000.0,500.0,False,True,3836,1918,0,0,3836,1918,9.765625e-05,40.20775526269255,-0.2529262303613832,-0.2529262303613832,-0.2529262303613832,False,-0.01043293304651716,9.765625e-05,False
trial,510,510,510,926.9170503468105,926.9170503468105,926.9170503468105,926.9170503468105,3836,1918,0,0,3836,1918,1960196,980098,959000.0,490049000.0,500.0,False,True,3836,1918,0,0,3836,1918,4.8828125e-05,40.20775526269255,0.3552135300775985,0.3552135300775985,0.3552135300775985,False,-0.0054507116961717275,4.8828125e-05,True
trial,511,511,510,926.9180232036899,926.9180232036899,926.9170503468105,926.9170503468105,3836,1918,0,0,3836,1918,1964032,982016,959000.0,491008000.0,500.0,False,True,3836,1918,0,0,3836,1918,9.765625e-05,45.48491351088172,-0.07822110457381067,-0.07822110457381067,-0.07822110457381067,False,-0.012437268493685576,9.765625e-05,False
trial,512,512,512,926.9141632449648,926.9141632449648,926.9141632449648,926.9141632449648,3836,1918,0,0,3836,1918,1967868,983934,959000.0,491967000.0,500.0,False,True,3836,1918,0,0,3836,1918,4.8828125e-05,45.48491351088172,0.44845276761291963,0.44845276761291963,0.44845276761291963,False,-0.0064379173330254185,4.8828125e-05,True
trial,513,513,512,926.9165887363005,926.9165887363005,926.9141632449648,926.9141632449648,3836,1918,0,0,3836,1918,1971704,985852,959000.0,492926000.0,500.0,False,True,3836,1918,0,0,3836,1918,9.765625e-05,36.01945128337863,-0.23085074295870747,-0.23085074295870747,-0.23085074295870747,False,-0.010506751265214775,9.765625e-05,False
trial,514,514,514,926.9121910036596,926.9121910036596,926.9121910036596,926.9121910036596,3836,1918,0,0,3836,1918,1975540,987770,959000.0,493885000.0,500.0,False,True,3836,1918,0,0,3836,1918,4.8828125e-05,36.01945128337863,0.3593572978397944,0.3593572978397944,0.3593572978397944,False,-0.005488246146887061,4.8828125e-05,True
trial,515,515,514,926.9131916881124,926.9131916881124,926.9121910036596,926.9121910036596,3836,1918,0,0,3836,1918,1979376,989688,959000.0,494844000.0,500.0,False,True,3836,1918,0,0,3836,1918,9.765625e-05,45.56361636427578,-0.08066451311275458,-0.08066451311275458,-0.08066451311275458,False,-0.012405510356637662,9.765625e-05,False
trial,516,516,516,926.9093192321986,926.9093192321986,926.9093192321986,926.9093192321986,3836,1918,0,0,3836,1918,1983212,991606,959000.0,495803000.0,500.0,False,True,3836,1918,0,0,3836,1918,4.8828125e-05,45.56361636427578,0.44718187392862974,0.44718187392862974,0.44718187392862974,False,-0.006421931720345116,4.8828125e-05,True
trial,517,517,516,926.9117944255343,926.9117944255343,926.9093192321986,926.9093192321986,3836,1918,0,0,3836,1918,1987048,993524,959000.0,496762000.0,500.0,False,True,3836,1918,0,0,3836,1918,9.765625e-05,36.16713214697362,-0.23386880257673154,-0.23386880257673154,-0.23386880257673154,False,-0.010583683280290261,9.765625e-05,False
trial,518,518,518,926.9073294109119,926.9073294109119,926.9073294109119,926.9073294109119,3836,1918,0,0,3836,1918,1990884,995442,959000.0,497721000.0,500.0,False,True,3836,1918,0,0,3836,1918,4.8828125e-05,36.16713214697362,0.3605238116645167,0.3605238116645167,0.3605238116645167,False,-0.00551925066359218,4.8828125e-05,True
trial,519,519,518,926.9083224700612,926.9083224700612,926.9073294109119,926.9073294109119,3836,1918,0,0,3836,1918,1994720,997360,959000.0,498680000.0,500.0,False,True,3836,1918,0,0,3836,1918,9.765625e-05,45.55582123499329,-0.08005414803697787,-0.08005414803697787,-0.08005414803697787,False,-0.012404843142722749,9.765625e-05,False
trial,520,520,520,926.9044583665493,926.9044583665493,926.9044583665493,926.9044583665493,3836,1918,0,0,3836,1918,1998556,999278,959000.0,499639000.0,500.0,False,True,3836,1918,0,0,3836,1918,4.8828125e-05,45.55582123499329,0.44724011451514556,0.44724011451514556,0.44724011451514556,False,-0.006419469697338404,4.8828125e-05,True
trial,521,521,520,926.9069387065238,926.9069387065238,926.9044583665493,926.9044583665493,3836,1918,0,0,3836,1918,2002392,1001196,959000.0,500598000.0,500.0,False,True,3836,1918,0,0,3836,1918,9.765625e-05,36.32641306442551,-0.23330596550407046,-0.23330596550407046,-0.23330596550407046,False,-0.010631275411647835,9.765625e-05,False
trial,522,522,522,926.9024640434907,926.9024640434907,926.9024640434907,926.9024640434907,3836,1918,0,0,3836,1918,2006228,1003114,959000.0,501557000.0,500.0,False,True,3836,1918,0,0,3836,1918,4.8828125e-05,36.32641306442551,0.3594092554314979,0.3594092554314979,0.3594092554314979,False,-0.0055488917674940755,4.8828125e-05,True
trial,523,523,522,926.9034047927773,926.9034047927773,926.9024640434907,926.9024640434907,3836,1918,0,0,3836,1918,2010064,1005032,959000.0,502516000.0,500.0,False,True,3836,1918,0,0,3836,1918,9.765625e-05,45.79566349080658,-0.07551624246679045,-0.07551624246679045,-0.07551624246679045,False,-0.012457575429146698,9.765625e-05,False
trial,524,524,524,926.8995228968181,926.8995228968181,926.8995228968181,926.8995228968181,3836,1918,0,0,3836,1918,2013900,1006950,959000.0,503475000.0,500.0,False,True,3836,1918,0,0,3836,1918,4.8828125e-05,45.79566349080658,0.45679336916664,0.45679336916664,0.45679336916664,False,-0.006438680749567384,4.8828125e-05,True
trial,525,525,524,926.9018949325273,926.9018949325273,926.8995228968181,926.8995228968181,3836,1918,0,0,3836,1918,2017736,1008868,959000.0,504434000.0,500.0,False,True,3836,1918,0,0,3836,1918,9.765625e-05,36.26056289734599,-0.22584061106226647,-0.22584061106226647,-0.22584061106226647,False,-0.010503140679742935,9.765625e-05,False
trial,526,526,526,926.8975264237168,926.8975264237168,926.8975264237168,926.8975264237168,3836,1918,0,0,3836,1918,2021572,1010786,959000.0,505393000.0,500.0,False,True,3836,1918,0,0,3836,1918,4.8828125e-05,36.26056289734599,0.36420358454919033,0.36420358454919033,0.36420358454919033,False,-0.00548175027911672,4.8828125e-05,True
trial,527,527,526,926.8983814404288,926.8983814404288,926.8975264237168,926.8975264237168,3836,1918,0,0,3836,1918,2025408,1012704,959000.0,506352000.0,500.0,False,True,3836,1918,0,0,3836,1918,9.765625e-05,45.690362371067884,-0.06859917793944352,-0.06859917793944352,-0.06859917793944352,False,-0.012463949826356525,9.765625e-05,False
trial,528,528,528,926.894608192668,926.894608192668,926.894608192668,926.894608192668,3836,1918,0,0,3836,1918,2029244,1014622,959000.0,507311000.0,500.0,False,True,3836,1918,0,0,3836,1918,4.8828125e-05,45.690362371067884,0.45159096904148016,0.45159096904148016,0.45159096904148016,False,-0.006462111177834913,4.8828125e-05,True
trial,529,529,528,926.8971420694478,926.8971420694478,926.894608192668,926.894608192668,3836,1918,0,0,3836,1918,2033080,1016540,959000.0,508270000.0,500.0,False,True,3836,1918,0,0,3836,1918,9.765625e-05,36.46716885785108,-0.23853008116268812,-0.23853008116268812,-0.23853008116268812,False,-0.01062288147246018,9.765625e-05,False
trial,530,530,530,926.8926172055519,926.8926172055519,926.8926172055519,926.8926172055519,3836,1918,0,0,3836,1918,2036916,1018458,959000.0,509229000.0,500.0,False,True,3836,1918,0,0,3836,1918,4.8828125e-05,36.46716885785108,0.3596284453164424,0.3596284453164424,0.3596284453164424,False,-0.005536233693420955,4.8828125e-05,True
trial,531,531,530,926.8935036517712,926.8935036517712,926.8926172055519,926.8926172055519,3836,1918,0,0,3836,1918,2040752,1020376,959000.0,510188000.0,500.0,False,True,3836,1918,0,0,3836,1918,9.765625e-05,45.988550547180445,-0.07073818138761487,-0.07073818138761487,-0.07073818138761487,False,-0.012531368518309775,9.765625e-05,False
trial,532,532,532,926.8896785115634,926.8896785115634,926.8896785115634,926.8896785115634,3836,1918,0,0,3836,1918,2044588,1022294,959000.0,511147000.0,500.0,False,True,3836,1918,0,0,3836,1918,4.8828125e-05,45.988550547180445,0.45296547354447475,0.45296547354447475,0.45296547354447475,False,-0.006487677671201833,4.8828125e-05,True
trial,533,533,532,926.8919068971398,926.8919068971398,926.8896785115634,926.8896785115634,3836,1918,0,0,3836,1918,2048424,1024212,959000.0,512106000.0,500.0,False,True,3836,1918,0,0,3836,1918,9.765625e-05,36.60741213513295,-0.21023544576220068,-0.21023544576220068,-0.21023544576220068,False,-0.010599476070239816,9.765625e-05,False
trial,534,534,534,926.8876812025144,926.8876812025144,926.8876812025144,926.8876812025144,3836,1918,0,0,3836,1918,2052260,1026130,959000.0,513065000.0,500.0,False,True,3836,1918,0,0,3836,1918,4.8828125e-05,36.60741213513295,0.35979261091341763,0.35979261091341763,0.35979261091341763,False,-0.00555127867667374,4.8828125e-05,True
trial,535,535,534,926.8885170934717,926.8885170934717,926.8876812025144,926.8876812025144,3836,1918,0,0,3836,1918,2056096,1028048,959000.0,514024000.0,500.0,False,True,3836,1918,0,0,3836,1918,9.765625e-05,46.19623833886944,-0.06645601192282313,-0.06645601192282313,-0.06645601192282313,False,-0.012578108934518838,9.765625e-05,False
trial,536,536,536,926.8847172827132,926.8847172827132,926.8847172827132,926.8847172827132,3836,1918,0,0,3836,1918,2059932,1029966,959000.0,514983000.0,500.0,False,True,3836,1918,0,0,3836,1918,4.8828125e-05,46.19623833886944,0.4551035459535998,0.4551035459535998,0.4551035459535998,False,-0.006512627351697415,4.8828125e-05,True
trial,537,537,536,926.8870975317082,926.8870975317082,926.8847172827132,926.8847172827132,3836,1918,0,0,3836,1918,2063768,1031884,959000.0,515942000.0,500.0,False,True,3836,1918,0,0,3836,1918,9.765625e-05,36.73083395965219,-0.2238601012584273,-0.2238601012584273,-0.2238601012584273,False,-0.010632752248458907,9.765625e-05,False
trial,538,538,538,926.8826848490185,926.8826848490185,926.8826848490185,926.8826848490185,3836,1918,0,0,3836,1918,2067604,1033802,959000.0,516901000.0,500.0,False,True,3836,1918,0,0,3836,1918,4.8828125e-05,36.73083395965219,0.3665004367496899,0.3665004367496899,0.3665004367496899,False,-0.005545515068737256,4.8828125e-05,True
trial,539,539,538,926.8835076397593,926.8835076397593,926.8826848490185,926.8826848490185,3836,1918,0,0,3836,1918,2071440,1035720,959000.0,517860000.0,500.0,False,True,3836,1918,0,0,3836,1918,9.765625e-05,46.3257986058635,-0.0655830229316476,-0.0655830229316476,-0.0655830229316476,False,-0.01254578859029175,9.765625e-05,False
trial,540,540,540,926.8797371468554,926.8797371468554,926.8797371468554,926.8797371468554,3836,1918,0,0,3836,1918,2075276,1037638,959000.0,518819000.0,500.0,False,True,3836,1918,0,0,3836,1918,4.8828125e-05,46.3257986058635,0.4537944969648549,0.4537944969648549,0.4537944969648549,False,-0.006495676308925802,4.8828125e-05,True
trial,541,541,540,926.8821215257897,926.8821215257897,926.8797371468554,926.8797371468554,3836,1918,0,0,3836,1918,2079112,1039556,959000.0,519778000.0,500.0,False,True,3836,1918,0,0,3836,1918,9.765625e-05,36.87623489067036,-0.2225901627715958,-0.2225901627715958,-0.2225901627715958,False,-0.010711969049202817,9.765625e-05,False
trial,542,542,542,926.8776810302741,926.8776810302741,926.8776810302741,926.8776810302741,3836,1918,0,0,3836,1918,2082948,1041474,959000.0,520737000.0,500.0,False,True,3836,1918,0,0,3836,1918,4.8828125e-05,36.87623489067036,0.36801186207035547,0.36801186207035547,0.36801186207035547,False,-0.005587093225136914,4.8828125e-05,True
trial,543,543,542,926.8785260369043,926.8785260369043,926.8776810302741,926.8776810302741,3836,1918,0,0,3836,1918,2086784,1043392,959000.0,521696000.0,500.0,False,True,3836,1918,0,0,3836,1918,9.765625e-05,46.744996020001444,-0.06730450316447065,-0.06730450316447065,-0.06730450316447065,False,-0.012554979095203785,9.765625e-05,False
trial,544,544,544,926.8747299988884,926.8747299988884,926.8747299988884,926.8747299988884,3836,1918,0,0,3836,1918,2090620,1045310,959000.0,522655000.0,500.0,False,True,3836,1918,0,0,3836,1918,4.8828125e-05,46.744996020001444,0.4542905430082135,0.4542905430082135,0.4542905430082135,False,-0.006495911990926906,4.8828125e-05,True
trial,545,545,544,926.8770236082687,926.8770236082687,926.8747299988884,926.8747299988884,3836,1918,0,0,3836,1918,2094456,1047228,959000.0,523614000.0,500.0,False,True,3836,1918,0,0,3836,1918,9.765625e-05,37.03607638955145,-0.2140290664307617,-0.2140290664307617,-0.2140290664307617,False,-0.01071634530103856,9.765625e-05,False
trial,546,546,546,926.8726775358612,926.8726775358612,926.8726775358612,926.8726775358612,3836,1918,0,0,3836,1918,2098292,1049146,959000.0,524573000.0,500.0,False,True,3836,1918,0,0,3836,1918,4.8828125e-05,37.03607638955145,0.3662630035923357,0.3662630035923357,0.3662630035923357,False,-0.005603795652526613,4.8828125e-05,True
trial,547,547,546,926.8734696942971,926.8734696942971,926.8726775358612,926.8726775358612,3836,1918,0,0,3836,1918,2102128,1051064,959000.0,525532000.0,500.0,False,True,3836,1918,0,0,3836,1918,9.765625e-05,46.482846762506774,-0.06282153785759663,-0.06282153785759663,-0.06282153785759663,False,-0.012609663229705375,9.765625e-05,False
trial,548,548,548,926.8697005233767,926.8697005233767,926.8697005233767,926.8697005233767,3836,1918,0,0,3836,1918,2105964,1052982,959000.0,526491000.0,500.0,False,True,3836,1918,0,0,3836,1918,4.8828125e-05,46.482846762506774,0.4563566379778345,0.4563566379778345,0.4563566379778345,False,-0.006523434166967915,4.8828125e-05,True
trial,549,549,548,926.8718819164269,926.8718819164269,926.8697005233767,926.8697005233767,3836,1918,0,0,3836,1918,2109800,1054900,959000.0,527450000.0,500.0,False,True,3836,1918,0,0,3836,1918,9.765625e-05,37.164049253248066,-0.2037318369708124,-0.2037318369708124,-0.2037318369708124,False,-0.010707178036994051,9.765625e-05,False
trial,550,550,550,926.8676499682421,926.8676499682421,926.8676499682421,926.8676499682421,3836,1918,0,0,3836,1918,2113636,1056818,959000.0,528409000.0,500.0,False,True,3836,1918,0,0,3836,1918,4.8828125e-05,37.164049253248066,0.366059706703656,0.366059706703656,0.366059706703656,False,-0.005601695835504147,4.8828125e-05,True
trial,551,551,550,926.8683926707645,926.8683926707645,926.8676499682421,926.8676499682421,3836,1918,0,0,3836,1918,2117472,1058736,959000.0,529368000.0,500.0,False,True,3836,1918,0,0,3836,1918,9.765625e-05,46.705477869713846,-0.058676635556865586,-0.058676635556865586,-0.058676635556865586,False,-0.012657551261545318,9.765625e-05,False
trial,552,552,552,926.8646483272321,926.8646483272321,926.8646483272321,926.8646483272321,3836,1918,0,0,3836,1918,2121308,1060654,959000.0,530327000.0,500.0,False,True,3836,1918,0,0,3836,1918,4.8828125e-05,46.705477869713846,0.4584284138872907,0.4584284138872907,0.4584284138872907,False,-0.006547676625278595,4.8828125e-05,True
trial,553,553,552,926.8666704168425,926.8666704168425,926.8646483272321,926.8646483272321,3836,1918,0,0,3836,1918,2125144,1062572,959000.0,531286000.0,500.0,False,True,3836,1918,0,0,3836,1918,9.765625e-05,37.29126104136162,-0.18849483118458346,-0.18849483118458346,-0.18849483118458346,False,-0.0107275599954443,9.765625e-05,False
trial,554,554,554,926.8625693887291,926.8625693887291,926.8625693887291,926.8625693887291,3836,1918,0,0,3836,1918,2128980,1064490,959000.0,532245000.0,500.0,False,True,3836,1918,0,0,3836,1918,4.8828125e-05,37.29126104136162,0.371332271593463,0.371332271593463,0.371332271593463,False,-0.0055985936640984175,4.8828125e-05,True
trial,555,555,554,926.8633102304293,926.8633102304293,926.8625693887291,926.8625693887291,3836,1918,0,0,3836,1918,2132816,1066408,959000.0,533204000.0,500.0,False,True,3836,1918,0,0,3836,1918,9.765625e-05,46.75292297020661,-0.05859831824017168,-0.05859831824017168,-0.05859831824017168,False,-0.012642712666237779,9.765625e-05,False
trial,556,556,556,926.8595743375713,926.8595743375713,926.8595743375713,926.8595743375713,3836,1918,0,0,3836,1918,2136652,1068326,959000.0,534163000.0,500.0,False,True,3836,1918,0,0,3836,1918,4.8828125e-05,46.75292297020661,0.45803328633530527,0.45803328633530527,0.45803328633530527,False,-0.0065389377740017835,4.8828125e-05,True
trial,557,557,556,926.8616274887122,926.8616274887122,926.8595743375713,926.8595743375713,3836,1918,0,0,3836,1918,2140488,1070244,959000.0,535122000.0,500.0,False,True,3836,1918,0,0,3836,1918,9.765625e-05,37.440402899976796,-0.1903619996937811,-0.1903619996937811,-0.1903619996937811,False,-0.010785509419956277,9.765625e-05,False
trial,558,558,558,926.8574927124395,926.8574927124395,926.8574927124395,926.8574927124395,3836,1918,0,0,3836,1918,2144324,1072162,959000.0,536081000.0,500.0,False,True,3836,1918,0,0,3836,1918,4.8828125e-05,37.440402899976796,0.3700073839819645,0.3700073839819645,0.3700073839819645,False,-0.005625901595352982,4.8828125e-05,True
trial,559,559,558,926.8581184247143,926.8581184247143,926.8574927124395,926.8574927124395,3836,1918,0,0,3836,1918,2148160,1074080,959000.0,537040000.0,500.0,False,True,3836,1918,0,0,3836,1918,9.765625e-05,46.935305920548736,-0.04933683937902143,-0.04933683937902143,-0.04933683937902143,False,-0.012682455600269395,9.765625e-05,False
trial,560,560,560,926.854477406445,926.854477406445,926.854477406445,926.854477406445,3836,1918,0,0,3836,1918,2151996,1075998,959000.0,537999000.0,500.0,False,True,3836,1918,0,0,3836,1918,4.8828125e-05,46.935305920548736,0.45970263571635506,0.45970263571635506,0.45970263571635506,False,-0.006559253222023213,4.8828125e-05,True
trial,561,561,560,926.8567217775078,926.8567217775078,926.854477406445,926.854477406445,3836,1918,0,0,3836,1918,2155832,1077916,959000.0,538958000.0,500.0,False,True,3836,1918,0,0,3836,1918,9.765625e-05,37.58908546263864,-0.20833846457496166,-0.20833846457496166,-0.20833846457496166,False,-0.010772715770025011,9.765625e-05,False
trial,562,562,562,926.8523699639823,926.8523699639823,926.8523699639823,926.8523699639823,3836,1918,0,0,3836,1918,2159668,1079834,959000.0,539917000.0,500.0,False,True,3836,1918,0,0,3836,1918,4.8828125e-05,37.58908546263864,0.3744672630055825,0.3744672630055825,0.3744672630055825,False,-0.005627841659110434,4.8828125e-05,True
trial,563,563,562,926.8530741811654,926.8530741811654,926.8523699639823,926.8523699639823,3836,1918,0,0,3836,1918,2163504,1081752,959000.0,540876000.0,500.0,False,True,3836,1918,0,0,3836,1918,9.765625e-05,46.92865374379986,-0.05554449372928974,-0.05554449372928974,-0.05554449372928974,False,-0.01267843373642242,9.765625e-05,False
trial,564,564,564,926.8493593065631,926.8493593065631,926.8493593065631,926.8493593065631,3836,1918,0,0,3836,1918,2167340,1083670,959000.0,541835000.0,500.0,False,True,3836,1918,0,0,3836,1918,4.8828125e-05,46.92865374379986,0.45938274561388953,0.45938274561388953,0.45938274561388953,False,-0.006553701565661722,4.8828125e-05,True
trial,565,565,564,926.8513130442811,926.8513130442811,926.8493593065631,926.8493593065631,3836,1918,0,0,3836,1918,2171176,1085588,959000.0,542794000.0,500.0,False,True,3836,1918,0,0,3836,1918,9.765625e-05,37.7253239754286,-0.1804356782315215,-0.1804356782315215,-0.1804356782315215,False,-0.010827890233256319,9.765625e-05,False
trial,566,566,566,926.8472286002753,926.8472286002753,926.8472286002753,926.8472286002753,3836,1918,0,0,3836,1918,2175012,1087506,959000.0,543753000.0,500.0,False,True,3836,1918,0,0,3836,1918,4.8828125e-05,37.7253239754286,0.37689815599503973,0.37689815599503973,0.37689815599503973,False,-0.0056532680084857585,4.8828125e-05,True
trial,567,567,566,926.8479009632638,926.8479009632638,926.8472286002753,926.8472286002753,3836,1918,0,0,3836,1918,2178848,1089424,959000.0,544712000.0,500.0,False,True,3836,1918,0,0,3836,1918,9.765625e-05,47.01128972546843,-0.05304601099257395,-0.05304601099257395,-0.05304601099257395,False,-0.012675090470671132,9.765625e-05,False
trial,568,568,568,926.8442182942151,926.8442182942151,926.8442182942151,926.8442182942151,3836,1918,0,0,3836,1918,2182684,1091342,959000.0,545671000.0,500.0,False,True,3836,1918,0,0,3836,1918,4.8828125e-05,47.01128972546843,0.4594286249632107,0.4594286249632107,0.4594286249632107,False,-0.00655228232777123,4.8828125e-05,True
trial,569,569,568,926.8463918336411,926.8463918336411,926.8442182942151,926.8442182942151,3836,1918,0,0,3836,1918,2186520,1093260,959000.0,546630000.0,500.0,False,True,3836,1918,0,0,3836,1918,9.765625e-05,37.879867458386435,-0.19962532484404807,-0.19962532484404807,-0.19962532484404807,False,-0.010888094622450693,9.765625e-05,False
trial,570,570,570,926.8420827645161,926.8420827645161,926.8420827645161,926.8420827645161,3836,1918,0,0,3836,1918,2190356,1095178,959000.0,547589000.0,500.0,False,True,3836,1918,0,0,3836,1918,4.8828125e-05,37.879867458386435,0.376292313000881,0.376292313000881,0.376292313000881,False,-0.005675188211948826,4.8828125e-05,True
trial,571,571,570,926.8427224747006,926.8427224747006,926.8420827645161,926.8420827645161,3836,1918,0,0,3836,1918,2194192,1097096,959000.0,548548000.0,500.0,False,True,3836,1918,0,0,3836,1918,9.765625e-05,47.145607691653744,-0.05036849023354285,-0.05036849023354285,-0.05036849023354285,False,-0.012700602728425953,9.765625e-05,False
trial,572,572,572,926.8390537406997,926.8390537406997,926.8390537406997,926.8390537406997,3836,1918,0,0,3836,1918,2198028,1099014,959000.0,549507000.0,500.0,False,True,3836,1918,0,0,3836,1918,4.8828125e-05,47.145607691653744,0.46109237046347357,0.46109237046347357,0.46109237046347357,False,-0.006569234302029049,4.8828125e-05,True
trial,573,573,572,926.8412054629258,926.8412054629258,926.8390537406997,926.8390537406997,3836,1918,0,0,3836,1918,2201864,1100932,959000.0,550466000.0,500.0,False,True,3836,1918,0,0,3836,1918,9.765625e-05,37.984629052840624,-0.19756560854937252,-0.19756560854937252,-0.19756560854937252,False,-0.010891178084738313,9.765625e-05,False
trial,574,574,574,926.8369074360046,926.8369074360046,926.8369074360046,926.8369074360046,3836,1918,0,0,3836,1918,2205700,1102850,959000.0,551425000.0,500.0,False,True,3836,1918,0,0,3836,1918,4.8828125e-05,37.984629052840624,0.37808234639935007,0.37808234639935007,0.37808234639935007,False,-0.005676818067621272,4.8828125e-05,True
trial,575,575,574,926.8375263629705,926.8375263629705,926.8369074360046,926.8369074360046,3836,1918,0,0,3836,1918,2209536,1104768,959000.0,552384000.0,500.0,False,True,3836,1918,0,0,3836,1918,9.765625e-05,47.286780306348454,-0.04865021705902936,-0.04865021705902936,-0.04865021705902936,False,-0.012721977481579699,9.765625e-05,False
trial,576,576,576,926.8338663167617,926.8338663167617,926.8338663167617,926.8338663167617,3836,1918,0,0,3836,1918,2213372,1106686,959000.0,553343000.0,500.0,False,True,3836,1918,0,0,3836,1918,4.8828125e-05,47.286780306348454,0.46223703864514365,0.46223703864514365,0.46223703864514365,False,-0.006579133623289615,4.8828125e-05,True
trial,577,577,576,926.8359105806912,926.8359105806912,926.8338663167617,926.8338663167617,3836,1918,0,0,3836,1918,2217208,1108604,959000.0,554302000.0,500.0,False,True,3836,1918,0,0,3836,1918,9.765625e-05,38.147437802279335,-0.18742822340728854,-0.18742822340728854,-0.18742822340728854,False,-0.010906916217615036,9.765625e-05,False
trial,578,578,578,926.8317168781984,926.8317168781984,926.8317168781984,926.8317168781984,3836,1918,0,0,3836,1918,2221044,1110522,959000.0,555261000.0,500.0,False,True,3836,1918,0,0,3836,1918,4.8828125e-05,38.147437802279335,0.3781180258116876,0.3781180258116876,0.3781180258116876,False,-0.005684570468839454,4.8828125e-05,True
trial,579,579,578,926.8323005876953,926.8323005876953,926.8317168781984,926.8317168781984,3836,1918,0,0,3836,1918,2224880,1112440,959000.0,556220000.0,500.0,False,True,3836,1918,0,0,3836,1918,9.765625e-05,47.405107805982915,-0.045716749094472785,-0.045716749094472785,-0.045716749094472785,False,-0.01276795722321865,9.765625e-05,False
trial,580,580,580,926.8286584783534,926.8286584783534,926.8286584783534,926.8286584783534,3836,1918,0,0,3836,1918,2228716,1114358,959000.0,557179000.0,500.0,False,True,3836,1918,0,0,3836,1918,4.8828125e-05,47.405107805982915,0.4635924334786895,0.4635924334786895,0.4635924334786895,False,-0.006597173776287872,4.8828125e-05,True
trial,581,581,580,926.830710611757,926.830710611757,926.8286584783534,926.8286584783534,3836,1918,0,0,3836,1918,2232552,1116276,959000.0,558138000.0,500.0,False,True,3836,1918,0,0,3836,1918,9.765625e-05,38.28835945011326,-0.18797650377795597,-0.18797650377795597,-0.18797650377795597,False,-0.010916967612180018,9.765625e-05,False
trial,582,582,582,926.8264648497079,926.8264648497079,926.8264648497079,926.8264648497079,3836,1918,0,0,3836,1918,2236388,1118194,959000.0,559097000.0,500.0,False,True,3836,1918,0,0,3836,1918,4.8828125e-05,38.28835945011326,0.3856076071882042,0.3856076071882042,0.3856076071882042,False,-0.0056887587397350375,4.8828125e-05,True
trial,583,583,582,926.8270835649885,926.8270835649885,926.8264648497079,926.8264648497079,3836,1918,0,0,3836,1918,2240224,1120112,959000.0,560056000.0,500.0,False,True,3836,1918,0,0,3836,1918,9.765625e-05,47.456556018770755,-0.04864413837015564,-0.04864413837015564,-0.04864413837015564,False,-0.01271921553721975,9.765625e-05,False
trial,584,584,584,926.823423837851,926.823423837851,926.823423837851,926.823423837851,3836,1918,0,0,3836,1918,2244060,1122030,959000.0,561015000.0,500.0,False,True,3836,1918,0,0,3836,1918,4.8828125e-05,47.456556018770755,0.46269339683007066,0.46269339683007066,0.46269339683007066,False,-0.006572412482525263,4.8828125e-05,True
trial,585,585,584,926.8250918759793,926.8250918759793,926.823423837851,926.823423837851,3836,1918,0,0,3836,1918,2247896,1123948,959000.0,561974000.0,500.0,False,True,3836,1918,0,0,3836,1918,9.765625e-05,38.419669109109556,-0.15250937529736194,-0.15250937529736194,-0.15250937529736194,False,-0.010937282544331595,9.765625e-05,False
trial,586,586,586,926.8212262337447,926.8212262337447,926.8212262337447,926.8212262337447,3836,1918,0,0,3836,1918,2251732,1125866,959000.0,562933000.0,500.0,False,True,3836,1918,0,0,3836,1918,4.8828125e-05,38.419669109109556,0.38373706181425904,0.38373706181425904,0.38373706181425904,False,-0.005726848733113998,4.8828125e-05,True
trial,587,587,586,926.8218369134811,926.8218369134811,926.8212262337447,926.8212262337447,3836,1918,0,0,3836,1918,2255568,1127784,959000.0,563892000.0,500.0,False,True,3836,1918,0,0,3836,1918,9.765625e-05,47.548371782414776,-0.04786767312520668,-0.04786767312520668,-0.04786767312520668,False,-0.0127576649649418,9.765625e-05,False
trial,588,588,588,926.8181719512196,926.8181719512196,926.8181719512196,926.8181719512196,3836,1918,0,0,3836,1918,2259404,1129702,959000.0,564851000.0,500.0,False,True,3836,1918,0,0,3836,1918,4.8828125e-05,47.548371782414776,0.4634302785753628,0.4634302785753628,0.4634302785753628,False,-0.006590597693578428,4.8828125e-05,True
trial,589,589,588,926.8202115939137,926.8202115939137,926.8181719512196,926.8181719512196,3836,1918,0,0,3836,1918,2263240,1131620,959000.0,565810000.0,500.0,False,True,3836,1918,0,0,3836,1918,9.765625e-05,38.56435039574218,-0.1853136610909212,-0.1853136610909212,-0.1853136610909212,False,-0.011006434614969678,9.765625e-05,False
trial,590,590,590,926.815976634583,926.815976634583,926.815976634583,926.815976634583,3836,1918,0,0,3836,1918,2267076,1133538,959000.0,566769000.0,500.0,False,True,3836,1918,0,0,3836,1918,4.8828125e-05,38.56435039574218,0.38285814621710096,0.38285814621710096,0.38285814621710096,False,-0.0057340209639560194,4.8828125e-05,True
trial,591,591,590,926.8165110530346,926.8165110530346,926.815976634583,926.815976634583,3836,1918,0,0,3836,1918,2270912,1135456,959000.0,567728000.0,500.0,False,True,3836,1918,0,0,3836,1918,9.765625e-05,47.76946404327923,-0.04173994331453359,-0.04173994331453359,-0.04173994331453359,False,-0.012803526050964452,9.765625e-05,False
trial,592,592,592,926.8128985607057,926.8128985607057,926.8128985607057,926.8128985607057,3836,1918,0,0,3836,1918,2274748,1137374,959000.0,568687000.0,500.0,False,True,3836,1918,0,0,3836,1918,4.8828125e-05,47.76946404327923,0.4653718780519947,0.4653718780519947,0.4653718780519947,False,-0.006614224069982862,4.8828125e-05,True
trial,593,593,592,926.8149064107956,926.8149064107956,926.8128985607057,926.8128985607057,3836,1918,0,0,3836,1918,2278584,1139292,959000.0,569646000.0,500.0,False,True,3836,1918,0,0,3836,1918,9.765625e-05,38.69708768882801,-0.1824475006934062,-0.1824475006934062,-0.1824475006934062,False,-0.01100508410548889,9.765625e-05,False
trial,594,594,594,926.8106855317671,926.8106855317671,926.8106855317671,926.8106855317671,3836,1918,0,0,3836,1918,2282420,1141210,959000.0,570605000.0,500.0,False,True,3836,1918,0,0,3836,1918,4.8828125e-05,38.69708768882801,0.3860962608549,0.3860962608549,0.3860962608549,False,-0.005731806191577822,4.8828125e-05,True
trial,595,595,594,926.8112324454848,926.8112324454848,926.8106855317671,926.8106855317671,3836,1918,0,0,3836,1918,2286256,1143128,959000.0,571564000.0,500.0,False,True,3836,1918,0,0,3836,1918,9.765625e-05,47.7409455375202,-0.04269918268741783,-0.04269918268741783,-0.04269918268741783,False,-0.012808528952474085,9.765625e-05,False
trial,596,596,596,926.8076033534091,926.8076033534091,926.8076033534091,926.8076033534091,3836,1918,0,0,3836,1918,2290092,1145046,959000.0,572523000.0,500.0,False,True,3836,1918,0,0,3836,1918,4.8828125e-05,47.7409455375202,0.46599459166760926,0.46599459166760926,0.46599459166760926,False,-0.00661419341149351,4.8828125e-05,True
trial,597,597,596,926.8094956560763,926.8094956560763,926.8076033534091,926.8076033534091,3836,1918,0,0,3836,1918,2293928,1146964,959000.0,573482000.0,500.0,False,True,3836,1918,0,0,3836,1918,9.765625e-05,38.83809771757201,-0.1716037005753943,-0.1716037005753943,-0.1716037005753943,False,-0.011027167017709184,9.765625e-05,False
trial,598,598,598,926.8053698191476,926.8053698191476,926.8053698191476,926.8053698191476,3836,1918,0,0,3836,1918,2297764,1148882,959000.0,574441000.0,500.0,False,True,3836,1918,0,0,3836,1918,4.8828125e-05,38.83809771757201,0.38879405672685574,0.38879405672685574,0.38879405672685574,False,-0.005744774702491185,4.8828125e-05,True
trial,599,599,598,926.8058803382431,926.8058803382431,926.8053698191476,926.8053698191476,3836,1918,0,0,3836,1918,2301600,1150800,959000.0,575400000.0,500.0,False,True,3836,1918,0,0,3836,1918,9.765625e-05,48.016166762757265,-0.03985807915198209,-0.03985807915198209,-0.03985807915198209,False,-0.01280842194113881,9.765625e-05,False
